9.267857142857142, 6.892857142857142, 8.821428571428571, 8.035714285714286, 13.32142857142857, 0.6741935483870969, 0.7357859531772575, 49
10.223214285714285, 8.75, 7.857142857142857, 17.142857142857142, 7.142857142857142, 1.726190476190476, 0.6838235294117647, 49
9.289473684210527, 6.448275862068965, 8.758620689655173, 14.517241379310345, 7.535714285714286, 1.2866752324087372, 0.6895627408276092, 49
10.448598130841122, 6.037735849056604, 10.377358490566039, 11.568627450980392, 13.666666666666666, 0.732255235340278, 0.6504815938778205, 49
10.355140186915888, 6.037735849056604, 11.81132075471698, 9.37037037037037, 14.148148148148149, 0.5935447399590826, 0.7589362650423414, 49
9.743119266055047, 7.454545454545454, 10.254545454545456, 11.821428571428571, 9.407407407407407, 0.9803692522971239, 0.8341998085408888, 49
9.280373831775702, 7.811320754716982, 10.60377358490566, 6.074074074074074, 12.62962962962963, 0.5976479080819322, 0.98456940033626, 49
9.486238532110091, 7.745454545454546, 9.745454545454546, 9.642857142857144, 10.925925925925926, 0.8411780583491173, 0.8503618824904998, 49
9.448598130841122, 8.264150943396228, 10.037735849056602, 10.296296296296296, 9.185185185185185, 0.9655372982405119, 0.9394504627304685, 49
9.046728971962617, 9.20754716981132, 10.566037735849058, 13.074074074074074, 3.3703703703703702, 1.598806598806599, 1.2024477307496177, 49
9.330275229357799, 10.945454545454545, 9.927272727272728, 12.964285714285714, 3.6296296296296298, 1.763658071017002, 1.2578542700822495, 49
8.392156862745098, 8.627450980392156, 9.372549019607842, 12.816326530612246, 2.431372549019608, 1.8166655366465523, 1.1805059836237664, 49
8.75, 10.943396226415095, 7.698113207547169, 16.528301886792455, 0.0784313725490196, 3.532635585156994, 1.1225271787560147, 49
9.401960784313726, 10.117647058823529, 9.215686274509805, 16.0, 2.2745098039215685, 2.273037542662116, 1.0579399141630903, 49
8.852941176470589, 14.352941176470587, 6.784313725490196, 13.411764705882353, 0.8627450980392156, 3.630769230769231, 1.4807692307692306, 49
7.941176470588235, 14.745098039215687, 4.352941176470588, 12.666666666666668, 0.0, 6.297297297297299, 1.5077399380804952, 49
9.96078431372549, 12.313725490196079, 8.823529411764707, 16.0, 2.705882352941176, 2.45578231292517, 1.1299790356394128, 49
9.049019607843137, 19.84313725490196, 0.2352941176470588, 13.294117647058822, 2.823529411764706, 10.833333333333332, 1.245742092457421, 49
9.1340206185567, 19.782608695652172, 1.3478260869565217, 14.608695652173914, 0.1568627450980392, 22.856090651558077, 1.4310623556581985, 49
9.53921568627451, 20.627450980392155, 0.5098039215686275, 16.50980392156863, 0.5098039215686275, 36.42307692307692, 1.2419354838709677, 49
10.058823529411764, 18.705882352941178, 5.176470588235294, 16.274509803921568, 0.0784313725490196, 6.656716417910449, 1.460431654676259, 49
8.970588235294118, 17.607843137254903, 7.372549019607844, 9.725490196078432, 1.1764705882352942, 3.197247706422018, 2.29136690647482, 49
11.068627450980392, 17.607843137254903, 5.294117647058823, 18.666666666666668, 2.705882352941176, 4.534313725490197, 1.071559633027523, 49
10.784313725490197, 11.450980392156863, 11.372549019607844, 17.019607843137255, 3.2549019607843137, 1.9463806970509385, 1.125725338491296, 49
9.696078431372548, 14.274509803921568, 8.15686274509804, 13.882352941176471, 2.4705882352941173, 2.6494464944649443, 1.3717026378896884, 49
11.07843137254902, 13.450980392156865, 12.549019607843137, 10.03921568627451, 8.27450980392157, 1.128060263653484, 1.4197002141327624, 49
9.896907216494846, 9.416666666666666, 9.125, 7.183673469387755, 13.83673469387755, 0.7229567085138687, 0.88207928802589, 49
9.8659793814433, 8.333333333333332, 8.333333333333332, 14.816326530612244, 7.918367346938776, 1.424445374633738, 0.7330939557151406, 49
10.02020202020202, 9.2, 11.12, 10.23529411764706, 9.714285714285714, 0.9328514730082927, 1.0185678180286435, 49
9.521739130434783, 6.511627906976744, 8.69767441860465, 5.2727272727272725, 16.3265306122449, 0.47091826354429256, 0.7041585598254915, 49
10.185567010309278, 6.666666666666667, 10.666666666666668, 15.142857142857144, 8.204081632653061, 1.1557317952415285, 0.7424242424242423, 49
8.969696969696969, 5.680000000000001, 8.799999999999999, 9.92156862745098, 11.551020408163264, 0.7666234082883052, 0.674348117778606, 49
10.402061855670103, 8.583333333333334, 10.791666666666666, 12.938775510204081, 9.26530612244898, 1.0730487132742612, 0.8725873161764705, 49
9.919191919191919, 10.92, 12.04, 1.9215686274509802, 15.183673469387754, 0.4717059452645492, 1.3422785757731717, 49
11.030927835051546, 10.291666666666668, 11.166666666666666, 12.122448979591836, 10.53061224489796, 1.0330380937451011, 0.9472597597597598, 49
10.02061855670103, 8.666666666666668, 11.583333333333332, 12.16326530612245, 7.673469387755103, 1.081692131060673, 1.0208333333333335, 49
9.191919191919192, 11.16, 11.799999999999999, 7.764705882352942, 6.204081632653061, 1.0511341965940766, 1.6436644895152972, 49
9.086956521739129, 10.465116279069768, 10.790697674418604, 7.545454545454546, 7.46938775510204, 0.9863355182011938, 1.4156534932571647, 49
9.828282828282827, 12.879999999999999, 7.32, 18.3921568627451, 0.9387755102040816, 3.786536735876519, 1.0449573569595099, 49
9.24742268041237, 11.666666666666666, 10.291666666666668, 13.387755102040815, 1.673469387755102, 2.0939521000639614, 1.4579381210478772, 49
10.855670103092784, 11.625, 12.416666666666666, 16.897959183673468, 2.489795918367347, 1.9134626354820308, 1.2400438596491228, 49
9.278350515463918, 22.208333333333332, 0.20833333333333334, 13.020408163265307, 1.7551020408163265, 17.942399307059333, 1.5171500920810312, 49
9.030927835051546, 19.083333333333332, 3.916666666666667, 12.612244897959185, 0.6122448979591837, 6.998497934660159, 1.7391975308641974, 49
9.907216494845361, 19.666666666666664, 4.625, 13.83673469387755, 1.5918367346938775, 5.389139652578307, 1.57445987654321, 49
9.902173913043478, 19.674418604651162, 1.0232558139534882, 16.40909090909091, 1.673469387755102, 13.380491824261625, 1.1446207881421953, 49
10.56701030927835, 17.333333333333336, 4.083333333333333, 18.857142857142858, 2.0, 5.949119373776909, 1.0268264840182648, 49
11.092783505154639, 17.833333333333336, 2.666666666666667, 22.897959183673468, 0.9387755102040816, 11.297169811320755, 0.8600171232876713, 49
10.917525773195877, 11.166666666666666, 11.25, 20.16326530612245, 1.0612244897959184, 2.544826633512916, 1.056169871794872, 49
10.907216494845361, 13.125, 8.875, 21.26530612244898, 0.36734693877551017, 3.720949489373447, 1.0169811320754718, 49
10.391752577319588, 14.333333333333334, 8.208333333333332, 18.693877551020407, 0.36734693877551017, 3.85126425384234, 1.1825927908636689, 49
11.175257731958762, 14.708333333333334, 10.75, 19.224489795918366, 0.0816326530612245, 3.1327523944104256, 1.318666314305849, 49
12.051546391752577, 11.791666666666668, 13.083333333333332, 21.306122448979593, 2.0, 2.1943285601533433, 1.067316112084063, 49
9.257731958762887, 9.458333333333334, 11.083333333333334, 9.020408163265307, 7.5102040816326525, 0.9938260312814413, 1.242644032921811, 49
9.24742268041237, 6.666666666666667, 8.041666666666666, 16.775510204081634, 5.428571428571429, 1.740294173347642, 0.6624157475490197, 49
8.949494949494948, 7.64, 7.8, 13.333333333333334, 7.020408163265306, 1.415165702744882, 0.7585828877005347, 49
9.923913043478262, 6.4186046511627906, 10.13953488372093, 15.681818181818183, 7.224489795918368, 1.2727707568220332, 0.7228637435145445, 49
8.75257731958763, 5.541666666666667, 8.666666666666668, 10.204081632653061, 10.53061224489796, 0.8202072997873849, 0.6852444225721785, 49
8.656565656565657, 7.000000000000001, 7.960000000000001, 10.980392156862745, 8.73469387755102, 1.0770123902086384, 0.758809775107575, 49
9.144329896907216, 7.708333333333334, 10.375, 14.040816326530612, 4.448979591836735, 1.4671599839385074, 0.9780169242089772, 49
8.484848484848486, 9.0, 9.32, 4.0, 11.83673469387755, 0.6144615503337577, 1.1568041237113402, 49
9.010309278350515, 5.791666666666666, 10.125, 10.081632653061225, 10.0, 0.7887353699243672, 0.7925982384823848, 49
9.29896907216495, 7.958333333333334, 10.416666666666668, 9.714285714285714, 9.10204081632653, 0.9054195347216172, 0.9765455531453364, 49
9.141414141414142, 7.920000000000001, 10.16, 14.862745098039214, 3.4693877551020407, 1.6715897667164614, 0.9862463983235835, 49
9.445652173913043, 10.093023255813954, 11.627906976744185, 4.590909090909091, 11.10204081632653, 0.6460169851863663, 1.3841202808238857, 49
9.444444444444445, 9.24, 10.08, 12.862745098039216, 5.469387755102041, 1.4214543650303466, 1.0538871911289618, 49
9.793814432989691, 11.125, 9.333333333333334, 15.061224489795919, 3.6734693877551026, 2.013271443514644, 1.0920025417574437, 49
10.515463917525773, 18.125, 1.875, 16.653061224489797, 5.387755102040816, 4.788549350193186, 0.9074074074074073, 49
10.360824742268042, 17.083333333333332, 2.9583333333333335, 18.571428571428573, 2.816326530612245, 6.174348402297158, 0.9370626590330788, 49
10.443298969072165, 18.333333333333332, 1.1666666666666667, 16.612244897959183, 5.63265306122449, 5.139569784892446, 0.8766055045871558, 49
10.371134020618557, 11.875, 8.666666666666668, 13.877551020408163, 7.061224489795919, 1.6373810553633217, 0.9810347628330084, 49
10.82608695652174, 22.046511627906977, 0.0, 15.045454545454545, 5.428571428571429, 6.832730610882386, 1.076803929812139, 49
10.989690721649485, 18.333333333333332, 3.875, 20.0, 1.7551020408163265, 6.808639178371847, 1.0208333333333333, 49
10.525773195876289, 19.458333333333332, 0.20833333333333334, 16.93877551020408, 5.469387755102041, 6.410513703759174, 0.8776563448694596, 49
11.134020618556702, 22.583333333333332, 1.2083333333333333, 14.571428571428571, 6.204081632653061, 5.0125043019387405, 1.14517845448592, 49
9.268041237113401, 15.583333333333332, 5.166666666666667, 14.408163265306124, 1.9591836734693877, 4.208830548926015, 1.2677680798004984, 49
10.97938144329897, 16.875, 6.5, 17.387755102040817, 3.183673469387755, 3.538198103266597, 1.1362847222222223, 49
9.731958762886599, 17.875, 4.083333333333333, 13.714285714285715, 3.306122448979592, 4.274913693901035, 1.2901179056754595, 49
10.185567010309278, 9.208333333333334, 12.875, 15.183673469387754, 3.510204081632653, 1.4886605428408324, 1.1813136826783115, 49
15.288659793814432, 9.541666666666666, 8.416666666666666, 16.897959183673468, 26.040816326530614, 0.7673115838310054, 0.4182311470215462, 50
14.938144329896907, 8.625, 7.375, 19.26530612244898, 24.20408163265306, 0.8831892721544552, 0.368075117370892, 50
17.030303030303028, 10.040000000000001, 14.84, 17.019607843137255, 26.285714285714285, 0.6579729571417284, 0.5745252263906857, 50
17.141304347826086, 8.883720930232558, 16.046511627906977, 14.954545454545453, 27.755102040816325, 0.5442326067041637, 0.5837143132789127, 50
16.422680412371136, 8.416666666666666, 14.958333333333334, 12.122448979591836, 30.0, 0.4568477993607082, 0.5549297480620156, 50
16.515151515151516, 9.68, 16.24, 11.333333333333332, 28.97959183673469, 0.46469533403136326, 0.642969962875464, 50
16.814432989690722, 8.208333333333332, 14.666666666666666, 14.69387755102041, 29.46938775510204, 0.5189002774352651, 0.5179644177449169, 50
15.242424242424244, 8.6, 14.92, 14.19607843137255, 23.30612244897959, 0.5963481768729872, 0.6271631917027678, 50
15.020618556701033, 9.791666666666666, 17.333333333333336, 7.795918367346939, 25.102040816326532, 0.4144557550496954, 0.8245192307692307, 50
13.587628865979381, 7.833333333333334, 17.0, 9.877551020408164, 19.591836734693878, 0.48401189812232753, 0.8426823638042475, 50
14.616161616161616, 12.6, 13.56, 15.411764705882353, 17.387755102040817, 0.9051307474006457, 0.7975726520752506, 50
16.25, 12.69767441860465, 16.697674418604652, 12.227272727272727, 21.551020408163264, 0.6516548410021547, 0.8702437603743615, 50
16.696969696969695, 17.919999999999998, 11.76, 22.0, 15.510204081632653, 1.463868766089924, 0.7912513601741024, 50
15.690721649484535, 17.916666666666668, 11.458333333333332, 25.020408163265305, 8.326530612244898, 2.1701981346972112, 0.880890452876377, 50
15.195876288659793, 16.375, 13.458333333333334, 22.0, 8.938775510204081, 1.7133907893238165, 0.9642700087950749, 50
15.969072164948454, 27.750000000000004, 0.7083333333333333, 35.26530612244898, 0.0816326530612245, 79.76964477933262, 0.8051145111624327, 50
16.597938144329895, 18.125, 12.166666666666668, 25.510204081632654, 10.53061224489796, 1.9224861381687395, 0.8404822574556436, 50
15.06185567010309, 15.375, 12.666666666666668, 27.306122448979593, 4.857142857142857, 2.4356075310559007, 0.8718538494077834, 50
16.456521739130434, 13.86046511627907, 15.767441860465118, 32.04545454545455, 3.510204081632653, 2.381303183989185, 0.83328246812936, 50
16.04123711340206, 9.833333333333332, 11.125, 39.46938775510204, 3.4693877551020407, 3.37819728485696, 0.4880980671736375, 50
15.484536082474227, 15.083333333333334, 12.75, 30.16326530612245, 3.877551020408163, 2.7211823667791757, 0.8176458832933652, 50
17.659793814432987, 14.041666666666666, 12.958333333333332, 38.6530612244898, 4.816326530612245, 2.9645983830072242, 0.6211267605633802, 50
17.030927835051546, 15.041666666666668, 13.833333333333334, 32.40816326530612, 6.73469387755102, 2.306970398544733, 0.7376824817518248, 50
16.288659793814432, 13.0, 14.333333333333334, 31.183673469387756, 6.530612244897959, 2.1177045973263775, 0.7247474747474747, 50
19.577319587628867, 17.708333333333336, 14.000000000000002, 33.30612244897959, 13.142857142857142, 1.8794799498746866, 0.6826486526069128, 50
19.587628865979383, 18.333333333333332, 14.458333333333334, 34.3265306122449, 11.10204081632653, 2.060214910675671, 0.7218291404612158, 50
15.340206185567009, 8.916666666666668, 8.958333333333334, 18.571428571428573, 24.653061224489793, 0.8178207301338327, 0.41353871576959406, 50
15.195876288659793, 6.75, 7.75, 26.0, 19.95918367346939, 1.181918615356288, 0.3154973357015986, 50
15.565656565656566, 4.92, 10.56, 21.41176470588235, 25.142857142857146, 0.7375254198990735, 0.33251263537906134, 50
15.717391304347824, 8.372093023255815, 13.023255813953488, 11.363636363636363, 28.775510204081634, 0.47216057474942447, 0.5330294903284406, 50
16.36082474226804, 5.958333333333334, 11.791666666666668, 21.224489795918366, 26.163265306122447, 0.7161868488854038, 0.37456933677863913, 50
16.575757575757578, 5.2, 15.72, 16.627450980392155, 28.816326530612248, 0.49010443116337754, 0.46034905427776407, 50
15.876288659793813, 5.916666666666667, 15.583333333333332, 16.73469387755102, 25.020408163265305, 0.5578638743455497, 0.5149071358748778, 50
16.0, 8.200000000000001, 13.56, 18.07843137254902, 24.3265306122449, 0.6936088089326357, 0.513147494573936, 50
16.02061855670103, 9.708333333333332, 13.5, 19.183673469387756, 21.510204081632654, 0.8252453123481976, 0.5703151120026747, 50
15.453608247422682, 10.25, 17.666666666666668, 15.428571428571427, 18.367346938775512, 0.7126203511421559, 0.8260366344605475, 50
13.858585858585858, 12.44, 14.64, 14.03921568627451, 14.93877551020408, 0.8952100020888192, 0.9345023199292973, 50
15.402173913043478, 16.6046511627907, 14.27906976744186, 12.5, 16.163265306122447, 0.9560584328521093, 1.0774669459461699, 50
15.737373737373735, 17.44, 12.32, 22.58823529411765, 11.224489795918368, 1.700110541408159, 0.8801420151956258, 50
16.02061855670103, 15.25, 12.875, 21.714285714285715, 14.122448979591837, 1.3691769819521875, 0.7848092255125285, 50
14.319587628865978, 17.75, 15.916666666666668, 14.979591836734693, 8.73469387755102, 1.3276992066229734, 1.4196787148594376, 50
12.845360824742269, 30.916666666666664, 2.2083333333333335, 15.836734693877553, 2.571428571428571, 9.781533534958193, 1.7994733924611972, 50
15.340206185567009, 22.541666666666664, 9.75, 26.693877551020407, 2.4081632653061225, 4.049587354874808, 1.1096014492753623, 50
15.649484536082475, 18.916666666666668, 13.333333333333334, 23.714285714285715, 6.612244897959184, 2.137363574351978, 1.0634253028263794, 50
18.380434782608695, 17.25581395348837, 12.232558139534884, 32.59090909090909, 9.63265306122449, 2.279727489788267, 0.6983866493019986, 50
16.948453608247423, 20.375, 13.25, 27.95918367346939, 6.204081632653061, 2.484526619459743, 0.9842443249701313, 50
18.04123711340206, 19.833333333333332, 7.916666666666666, 43.42857142857143, 0.7755102040816326, 7.278027783212679, 0.627770083102493, 50
16.24742268041237, 28.791666666666664, 6.291666666666666, 26.448979591836736, 3.510204081632653, 5.635724819987855, 1.171037693006358, 50
16.824742268041238, 16.458333333333332, 14.458333333333334, 28.489795918367346, 7.836734693877551, 2.0160570578588044, 0.8510767790262174, 50
17.082474226804123, 23.041666666666664, 6.541666666666666, 37.63265306122449, 0.9795918367346939, 8.06704352741662, 0.7661645525017617, 50
19.072164948453608, 18.5, 13.041666666666666, 30.816326530612244, 13.795918367346937, 1.8375843604448532, 0.7070181457761513, 50
19.536082474226806, 15.0, 14.583333333333334, 27.836734693877553, 20.53061224489796, 1.219935099530198, 0.6116385372714487, 50
15.051546391752577, 9.083333333333334, 9.5, 16.73469387755102, 24.612244897959183, 0.7568551201515604, 0.4494488318525831, 50
13.824742268041238, 6.166666666666667, 8.291666666666666, 15.26530612244898, 25.30612244897959, 0.6378983068006377, 0.3563673708920188, 50
13.777777777777779, 5.0, 12.559999999999999, 13.019607843137255, 24.816326530612244, 0.48211286436559503, 0.4641090616803451, 50
17.467391304347828, 7.767441860465116, 11.488372093023255, 22.5, 27.02040816326531, 0.785988069708398, 0.3888460266725449, 50
13.319587628865978, 8.208333333333332, 15.0, 6.244897959183674, 23.755102040816325, 0.3729375109706863, 0.773611111111111, 50
13.424242424242424, 7.199999999999999, 13.28, 7.490196078431373, 26.122448979591837, 0.3728244426137074, 0.6092945070120717, 50
14.721649484536082, 5.791666666666666, 14.666666666666666, 15.673469387755102, 22.53061224489796, 0.5770619970738844, 0.5355012464387464, 50
14.919191919191919, 9.64, 15.879999999999999, 14.901960784313726, 19.346938775510203, 0.6966816202994999, 0.7451334299200821, 50
16.628865979381445, 11.416666666666666, 23.0, 15.10204081632653, 16.979591836734695, 0.6633061085587885, 1.072784139100933, 50
15.773195876288659, 15.625, 14.499999999999998, 16.693877551020407, 16.20408163265306, 1.05259222333001, 0.9157102977667494, 50
17.393939393939394, 23.24, 12.959999999999999, 14.901960784313726, 19.387755102040817, 1.1791223429259656, 1.0557101178667287, 50
19.152173913043477, 14.930232558139537, 18.790697674418606, 15.863636363636363, 24.775510204081634, 0.7068292243303682, 0.8297647239311027, 50
14.919191919191919, 23.32, 12.44, 13.372549019607844, 11.46938775510204, 1.5346502970063713, 1.4395012886597938, 50
16.391752577319586, 18.875, 13.291666666666666, 19.714285714285715, 13.673469387755102, 1.4310806975497463, 0.9634270578647106, 50
15.474226804123711, 24.0, 13.916666666666666, 15.142857142857144, 8.979591836734693, 1.7095743890663302, 1.5718415115623237, 50
16.7319587628866, 29.833333333333336, 12.375, 19.591836734693878, 5.3061224489795915, 2.7953638243639687, 1.6952527322404374, 50
16.20618556701031, 26.75, 14.124999999999998, 15.428571428571427, 8.693877551020408, 1.8484069312465068, 1.694479695431472, 50
16.061855670103093, 24.208333333333336, 13.125, 24.408163265306122, 2.571428571428571, 3.0972967116311825, 1.383761976802824, 50
15.891304347826088, 14.325581395348838, 13.72093023255814, 26.81818181818182, 7.183673469387755, 1.9681675768721132, 0.8248523908682197, 50
17.525773195876287, 15.916666666666668, 18.916666666666668, 29.38775510204082, 5.877551020408163, 1.8272172302627065, 0.9877507716049384, 50
14.989690721649485, 26.416666666666664, 0.8750000000000001, 32.36734693877551, 0.24489795918367346, 52.490508731966585, 0.8368533583646225, 50
14.47422680412371, 20.083333333333332, 11.083333333333334, 26.571428571428573, 0.163265306122449, 4.148344170573114, 1.165776081424936, 50
18.536082474226802, 17.583333333333336, 18.291666666666668, 36.04081632653061, 2.1632653061224487, 2.62157555601746, 0.9390357905982907, 50
17.0, 22.666666666666664, 5.5, 39.55102040816327, 0.163265306122449, 10.986186186186186, 0.7092326139088728, 50
17.54639175257732, 18.333333333333332, 15.083333333333334, 25.551020408163268, 11.183673469387754, 1.6707024927160892, 0.9096759259259258, 50
18.515463917525775, 14.416666666666666, 13.958333333333334, 24.122448979591837, 21.346938775510203, 1.0915966184156651, 0.6240462298025135, 50
13.690721649484535, 13.25, 13.833333333333334, 11.346938775510203, 16.28571428571429, 0.8166572557876904, 0.9801206302314133, 51
11.381443298969073, 4.666666666666667, 12.416666666666666, 0.8571428571428572, 27.42857142857143, 0.1386316103973708, 0.6039562289562289, 51
12.343434343434344, 10.96, 10.68, 8.352941176470589, 19.591836734693878, 0.6379837915264803, 0.7743843972849902, 51
13.880434782608694, 9.348837209302326, 16.325581395348838, 11.636363636363637, 19.142857142857142, 0.5916584352328077, 0.8341477774506918, 51
13.907216494845361, 9.208333333333334, 14.083333333333334, 13.020408163265307, 19.183673469387756, 0.6681918102346507, 0.7232520067596113, 51
12.565656565656566, 2.44, 21.0, 9.294117647058824, 17.183673469387756, 0.3073071965290659, 0.8852702212549872, 51
12.536082474226804, 8.583333333333334, 13.916666666666666, 13.918367346938776, 13.63265306122449, 0.8167788135070067, 0.8166666666666667, 51
14.696969696969697, 7.6, 19.08, 12.941176470588237, 18.693877551020407, 0.5437931661329628, 0.8433682452944747, 51
14.391752577319588, 9.416666666666666, 16.166666666666664, 13.224489795918368, 18.653061224489793, 0.6502393279281039, 0.8025501493811352, 51
13.907216494845361, 6.333333333333334, 22.291666666666668, 13.83673469387755, 13.142857142857142, 0.5692208010366923, 1.0609871406959153, 51
13.272727272727272, 11.12, 20.0, 11.607843137254902, 10.571428571428571, 0.7434341213120762, 1.4031118969436729, 51
14.119565217391305, 13.348837209302324, 16.232558139534884, 13.090909090909092, 14.612244897959185, 0.8571864202884361, 1.0677988275531243, 51
13.080808080808081, 11.72, 13.04, 15.098039215686274, 12.326530612244897, 1.057221408226031, 0.9028400501940642, 51
11.731958762886597, 12.75, 13.5, 10.89795918367347, 9.795918367346939, 1.0151116951379764, 1.2684911242603552, 51
11.206185567010309, 14.541666666666666, 11.791666666666668, 11.224489795918368, 7.306122448979592, 1.349169597934013, 1.4210719530102789, 51
13.567010309278352, 20.666666666666668, 9.541666666666666, 20.53061224489796, 3.5918367346938775, 3.136808028488184, 1.2522913141567962, 51
12.216494845360824, 20.291666666666668, 10.0, 18.3265306122449, 0.36734693877551017, 3.724983595800525, 1.620405749636099, 51
12.484536082474227, 20.25, 8.75, 12.0, 8.979591836734693, 1.818992805755396, 1.3822957198443582, 51
13.445652173913045, 21.906976744186046, 7.720930232558139, 20.863636363636363, 2.979591836734694, 3.997058538906317, 1.2426130693277138, 51
12.608247422680414, 16.208333333333332, 12.041666666666668, 22.244897959183675, 0.0, 3.193347927406257, 1.2699541284403668, 51
13.958762886597938, 12.791666666666668, 10.541666666666668, 27.26530612244898, 5.142857142857142, 2.5539170506912443, 0.719983207388749, 51
14.56701030927835, 14.499999999999998, 11.083333333333334, 30.36734693877551, 2.2448979591836733, 3.3663391603930077, 0.7844701710471425, 51
12.422680412371134, 12.291666666666666, 11.958333333333334, 22.285714285714285, 3.1428571428571432, 2.2897122585731178, 0.9536516853932584, 51
13.391752577319588, 10.833333333333334, 13.041666666666666, 27.26530612244898, 2.3265306122448983, 2.4790571570851547, 0.8068103448275862, 51
15.443298969072163, 8.291666666666666, 20.916666666666668, 17.6734693877551, 14.816326530612244, 0.7266431869020988, 0.8990002093802346, 51
14.38144329896907, 13.750000000000002, 11.291666666666666, 22.693877551020407, 9.673469387755102, 1.7383086595011155, 0.7736706599411518, 51
13.257731958762886, 13.0, 11.708333333333334, 13.346938775510203, 14.897959183673471, 0.9902521652977084, 0.8747892581888246, 51
14.721649484536082, 8.25, 16.916666666666664, 10.326530612244898, 23.26530612244898, 0.4623100689888687, 0.7491899554475496, 51
12.636363636363637, 5.52, 11.84, 9.294117647058824, 23.79591836734694, 0.4157074750915622, 0.5246292265273546, 51
13.043478260869565, 7.209302325581396, 9.30232558139535, 10.363636363636363, 24.857142857142858, 0.5144382946366995, 0.46880359470398575, 51
12.144329896907216, 5.416666666666667, 11.833333333333334, 5.3061224489795915, 25.83673469387755, 0.28465011286681713, 0.5538990825688074, 51
12.919191919191919, 3.88, 15.079999999999998, 9.294117647058824, 23.183673469387756, 0.34429829790384786, 0.5837835440230649, 51
14.103092783505156, 10.583333333333334, 12.083333333333334, 17.959183673469386, 15.673469387755102, 1.0283070890264077, 0.673948220064725, 51
13.91919191919192, 7.4399999999999995, 18.84, 12.313725490196079, 16.612244897959183, 0.5571925148055492, 0.9085261323077775, 51
13.402061855670103, 4.208333333333333, 23.916666666666668, 9.795918367346939, 15.714285714285714, 0.3533665193322748, 1.1025, 51
14.319587628865978, 5.541666666666667, 23.041666666666664, 17.30612244897959, 11.346938775510203, 0.6643999901090478, 0.9975664767331434, 51
13.818181818181818, 12.32, 15.64, 17.176470588235293, 9.83673469387755, 1.1577806552785488, 1.0350493289485379, 51
13.260869565217392, 13.069767441860467, 14.093023255813952, 17.0, 9.346938775510203, 1.282841985907508, 1.030965719741322, 51
13.535353535353536, 12.479999999999999, 12.44, 19.450980392156865, 9.918367346938775, 1.4281445463650428, 0.8485036923999235, 51
13.412371134020617, 13.666666666666666, 13.541666666666666, 17.26530612244898, 9.142857142857142, 1.3635716159988005, 1.0303001030396703, 51
12.041237113402062, 14.166666666666666, 11.583333333333332, 17.46938775510204, 4.979591836734694, 1.9100523667727696, 1.1470454545454545, 51
11.711340206185566, 14.875, 12.958333333333332, 13.387755102040815, 5.673469387755102, 1.516909314955958, 1.4602069950035688, 51
12.8659793814433, 16.916666666666664, 12.25, 13.102040816326529, 9.224489795918366, 1.3978775639502652, 1.3063680682510663, 51
12.45360824742268, 17.083333333333332, 11.166666666666666, 16.040816326530614, 5.551020408163265, 1.981383519837233, 1.3083648393194705, 51
13.293478260869565, 14.651162790697676, 11.069767441860465, 27.954545454545453, 0.0, 3.848834988540871, 0.9200983172622423, 51
12.175257731958764, 19.875, 6.75, 22.0, 0.12244897959183673, 6.093170007423905, 1.2035285977859778, 51
13.515463917525771, 14.000000000000002, 8.916666666666668, 30.69387755102041, 0.36734693877551017, 4.814068510716249, 0.7377901883486641, 51
11.938144329896907, 16.75, 8.583333333333334, 21.79591836734694, 0.653061224489796, 4.1732645921561415, 1.1284848484848486, 51
12.061855670103093, 14.583333333333334, 7.833333333333334, 25.755102040816325, 0.04081632653061225, 5.122894168466522, 0.8690005274261604, 51
11.721649484536083, 9.291666666666666, 6.583333333333333, 29.46938775510204, 1.346938775510204, 4.887733218957753, 0.5151490066225166, 51
12.68041237113402, 8.458333333333332, 9.458333333333334, 15.510204081632653, 17.10204081632653, 0.9024171602369137, 0.5493846474760117, 51
12.907216494845361, 11.375, 7.625, 32.48979591836735, 0.0, 5.75276012044162, 0.5847989949748743, 51
13.257731958762886, 4.25, 19.25, 8.775510204081632, 20.69387755102041, 0.32609528675437477, 0.797437673130194, 51
13.783505154639176, 3.375, 18.583333333333332, 11.714285714285715, 21.346938775510203, 0.3778908812129989, 0.6641718106995884, 51
11.94949494949495, 6.08, 11.16, 6.549019607843137, 23.877551020408163, 0.36044241792147996, 0.5666100268293965, 51
11.467391304347826, 5.069767441860465, 9.162790697674419, 4.2727272727272725, 26.163265306122447, 0.2644646974908153, 0.4676226051331486, 51
10.969072164948454, 8.333333333333332, 7.249999999999999, 5.591836734693877, 22.53061224489796, 0.46759179944035173, 0.5541243347847121, 51
10.95959595959596, 8.0, 7.32, 1.803921568627451, 26.816326530612244, 0.287199079837593, 0.5352853667403037, 51
10.072164948453608, 0.0, 11.708333333333334, 3.061224489795918, 25.346938775510203, 0.08261238726851321, 0.4121467911877395, 51
13.333333333333334, 3.7199999999999998, 21.44, 9.88235294117647, 17.918367346938776, 0.3456025708910519, 0.9050125226703516, 51
13.61855670103093, 10.708333333333334, 14.833333333333334, 12.326530612244897, 16.53061224489796, 0.7344376965621949, 0.8851072607260726, 51
13.876288659793815, 2.083333333333333, 23.166666666666664, 14.081632653061224, 16.122448979591837, 0.4114362392866419, 0.8359797297297299, 51
15.676767676767678, 12.44, 25.88, 12.352941176470589, 11.387755102040817, 0.665265216769467, 1.614105987055016, 51
14.858695652173914, 15.162790697674419, 16.558139534883722, 14.772727272727273, 13.183673469387754, 1.006512883599342, 1.1346571586653509, 51
12.94949494949495, 10.76, 18.16, 12.274509803921568, 10.73469387755102, 0.7971882277603097, 1.256888347826087, 51
14.54639175257732, 18.541666666666668, 12.083333333333334, 18.93877551020408, 8.653061224489795, 1.807471500041007, 1.109929733727811, 51
12.577319587628866, 14.708333333333334, 14.625, 11.061224489795919, 9.959183673469388, 1.0482169416485076, 1.3954692556634305, 51
14.051546391752579, 15.416666666666668, 13.291666666666666, 20.89795918367347, 6.612244897959184, 1.8244969453582265, 1.0435521760633037, 51
13.628865979381445, 16.833333333333332, 13.041666666666666, 17.591836734693878, 7.102040816326531, 1.708978850943476, 1.2098140495867766, 51
14.958762886597937, 16.541666666666664, 13.5, 22.20408163265306, 7.591836734693877, 1.8370020964360587, 1.008247716894977, 51
13.76086956521739, 12.13953488372093, 13.953488372093023, 17.81818181818182, 11.510204081632654, 1.1764875324481676, 0.8896849402127859, 51
15.917525773195877, 12.666666666666668, 12.416666666666666, 20.285714285714285, 18.122448979591837, 1.0790221083699951, 0.6530729720155863, 51
12.762886597938145, 9.208333333333334, 13.666666666666666, 10.489795918367346, 17.591836734693878, 0.6301686615886833, 0.8145893895348838, 51
16.752577319587626, 13.958333333333334, 12.625, 30.93877551020408, 9.306122448979593, 2.047187003218177, 0.6605392156862746, 51
13.268041237113401, 8.625, 8.833333333333334, 27.6734693877551, 7.755102040816326, 2.1881792085298337, 0.49277553763440857, 51
12.93814432989691, 8.583333333333334, 11.125, 18.122448979591837, 13.755102040816327, 1.0733791312074916, 0.6182511737089201, 51
12.556701030927837, 9.708333333333332, 13.041666666666666, 14.489795918367346, 12.897959183673468, 0.9328634650057369, 0.8306631892697467, 51
14.804123711340205, 16.791666666666664, 10.708333333333334, 24.693877551020407, 6.938775510204081, 2.350840842287862, 0.8693548387096774, 51
16.721649484536083, 10.333333333333334, 38.58333333333333, 0.0, 18.285714285714285, 0.18170399832530876, 2.675130208333333, 52
10.45360824742268, 8.5, 11.5, 6.73469387755102, 15.061224489795919, 0.5735689588935843, 0.9176029962546817, 52
9.747474747474747, 7.08, 9.8, 7.333333333333333, 15.183673469387754, 0.5769100909437456, 0.7496555891238671, 52
17.08695652173913, 8.325581395348838, 18.046511627906977, 15.909090909090908, 25.346938775510203, 0.5584868702335618, 0.6392300283102434, 52
13.226804123711341, 18.458333333333332, 12.083333333333334, 4.448979591836735, 17.959183673469386, 0.7624964619303708, 1.3629705525197329, 52
12.01010101010101, 13.0, 13.239999999999998, 4.117647058823529, 18.040816326530614, 0.5472250749512989, 1.1841976378805936, 52
13.65979381443299, 12.541666666666668, 18.125, 9.673469387755102, 14.36734693877551, 0.6837036455470938, 1.275608375778155, 52
9.94949494949495, 4.08, 12.0, 0.0, 23.79591836734694, 0.11397947548460663, 0.675746140651801, 52
12.628865979381443, 20.25, 10.416666666666668, 14.571428571428571, 5.387755102040816, 2.203271279457656, 1.5364689843217452, 52
12.051546391752577, 11.0, 12.125, 16.612244897959183, 8.448979591836734, 1.3420954742715436, 0.9227402280130294, 52
10.777777777777779, 10.48, 9.6, 12.549019607843137, 10.612244897959183, 1.1393598150083943, 0.8669647546648238, 52
11.826086956521738, 11.023255813953488, 13.488372093023257, 12.454545454545455, 10.857142857142858, 0.9643583763398174, 1.0514737319427352, 52
9.666666666666666, 9.04, 8.44, 3.882352941176471, 17.755102040816325, 0.4933118000854242, 0.8078584110075456, 52
10.587628865979381, 9.833333333333332, 11.083333333333334, 14.040816326530612, 7.387755102040816, 1.2925145014271244, 0.9761111111111112, 52
10.103092783505154, 10.458333333333334, 10.916666666666666, 16.408163265306122, 2.6530612244897958, 1.9798846973304924, 1.1213865096359743, 52
9.515463917525773, 8.333333333333332, 11.375, 13.387755102040815, 4.979591836734694, 1.32813393646337, 1.0730092592592593, 52
9.515463917525773, 8.791666666666668, 11.833333333333334, 16.0, 1.4285714285714286, 1.8693895870736088, 1.1834016393442621, 52
10.278350515463917, 14.166666666666666, 4.916666666666666, 22.0, 0.0, 7.355932203389831, 0.8674242424242424, 52
10.467391304347826, 9.627906976744185, 9.023255813953488, 21.863636363636363, 0.36734693877551017, 3.3535167198110685, 0.838971562210394, 52
9.340206185567009, 7.916666666666666, 5.333333333333334, 24.0, 0.0, 5.984374999999999, 0.5520833333333334, 52
8.845360824742269, 5.208333333333334, 5.541666666666667, 18.816326530612244, 5.673469387755102, 2.1421639244825235, 0.4389583333333334, 52
8.577319587628866, 6.125, 7.333333333333333, 13.061224489795919, 7.7142857142857135, 1.2750339059674503, 0.647797969875573, 52
9.391752577319586, 7.291666666666667, 7.833333333333334, 21.346938775510203, 0.9795918367346939, 3.2496140486298724, 0.677445155393053, 52
7.597938144329897, 3.833333333333333, 3.2916666666666665, 18.122448979591837, 4.979591836734694, 2.65446694767143, 0.3084143109540636, 52
8.288659793814434, 3.25, 5.708333333333333, 20.122448979591837, 3.9183673469387754, 2.4278773959897535, 0.37263016411997735, 52
9.793814432989691, 7.833333333333334, 6.958333333333333, 22.489795918367346, 1.7551020408163265, 3.480042939396897, 0.6100939955106622, 52
11.412371134020619, 12.875, 10.25, 8.938775510204081, 13.591836734693876, 0.9149368713888294, 1.0263813405797102, 52
10.164948453608247, 8.333333333333332, 10.208333333333334, 0.24489795918367346, 21.836734693877553, 0.267692715934722, 0.8396873074553296, 52
8.202020202020202, 4.32, 7.3999999999999995, 0.0, 21.183673469387752, 0.15113522775953164, 0.5532562620423892, 52
8.076086956521738, 3.5813953488372094, 4.837209302325581, 6.8181818181818175, 15.428571428571427, 0.5131594634873323, 0.3784194735198686, 52
9.350515463917526, 8.916666666666668, 5.25, 11.26530612244898, 11.877551020408163, 1.1783338298083608, 0.6121399176954733, 52
8.666666666666668, 7.84, 7.6, 9.294117647058824, 10.122448979591837, 0.9668030454927249, 0.7951972301224186, 52
8.31958762886598, 2.125, 5.791666666666666, 10.857142857142858, 14.326530612244898, 0.6452935457965255, 0.3143571042679632, 52
8.464646464646465, 3.9600000000000004, 9.6, 1.647058823529412, 18.897959183673468, 0.19675299509663505, 0.6600140236064042, 52
8.855670103092784, 5.291666666666667, 9.666666666666666, 7.102040816326531, 13.26530612244898, 0.5404553544942154, 0.7344271877087509, 52
10.29896907216495, 6.208333333333333, 10.875, 23.06122448979592, 0.9387755102040816, 2.4775786367235297, 0.7118055555555556, 52
9.686868686868687, 8.68, 9.64, 14.627450980392156, 5.877551020408163, 1.5020057578505126, 0.8934405370594434, 52
8.608695652173912, 5.906976744186046, 8.325581395348838, 10.318181818181818, 10.040816326530612, 0.8834153984936971, 0.6990794948930881, 52
9.080808080808081, 7.3999999999999995, 9.120000000000001, 17.176470588235293, 2.5306122448979593, 2.1094574320759696, 0.8382772904483432, 52
9.288659793814432, 8.5, 6.791666666666667, 21.79591836734694, 0.0, 4.460748716664581, 0.7015839575530587, 52
8.65979381443299, 4.791666666666667, 7.041666666666667, 18.285714285714285, 4.408163265306123, 2.015521722985518, 0.5214328537170264, 52
8.855670103092784, 4.291666666666667, 8.333333333333332, 18.0, 4.6938775510204085, 1.7111618798955615, 0.5563174460431655, 52
8.824742268041238, 4.916666666666666, 7.583333333333334, 16.408163265306122, 6.2857142857142865, 1.5375843041079091, 0.5508093525179856, 52
8.97938144329897, 6.708333333333333, 6.583333333333333, 21.918367346938776, 0.5714285714285714, 4.001069645828382, 0.5910087719298245, 52
9.489130434782608, 6.4186046511627906, 6.558139534883721, 21.272727272727273, 3.5918367346938775, 2.7282164202579424, 0.5218971135859625, 52
10.11340206185567, 8.875, 5.708333333333333, 22.693877551020407, 3.061224489795918, 3.5998254630078543, 0.5662308505018488, 52
9.536082474226804, 6.333333333333334, 6.333333333333334, 18.93877551020408, 6.408163265306123, 1.983449012279765, 0.4997316156736447, 52
9.54639175257732, 7.666666666666666, 3.375, 21.020408163265305, 5.959183673469388, 3.0733351553247696, 0.40925995965708517, 52
8.814432989690722, 9.541666666666666, 6.833333333333333, 18.816326530612244, 0.0, 4.149950223992036, 0.8702548806941431, 52
10.701030927835053, 11.583333333333332, 7.083333333333333, 18.040816326530614, 6.040816326530613, 2.257224309965012, 0.775141242937853, 52
11.556701030927835, 15.25, 8.416666666666666, 18.0, 4.571428571428571, 2.560036663611366, 1.0485232067510548, 52
10.948453608247423, 9.375, 8.833333333333334, 16.775510204081634, 8.73469387755102, 1.4885285575992255, 0.7137666666666665, 52
8.65979381443299, 3.6249999999999996, 11.166666666666666, 0.04081632653061225, 19.75510204081633, 0.11855131448685512, 0.7472079037800687, 52
8.639175257731958, 0.4166666666666667, 10.708333333333334, 0.04081632653061225, 23.26530612244898, 0.013465822341250969, 0.47734238178633975, 52
10.04040404040404, 2.0, 16.76, 0.0784313725490196, 21.346938775510203, 0.05454207132179151, 0.8755974748795338, 52
11.58695652173913, 10.0, 13.116279069767442, 0.8181818181818182, 22.489795918367346, 0.30382966451053145, 0.9917754054449297, 52
9.43298969072165, 8.125, 8.5, 11.83673469387755, 9.224489795918366, 1.1262233736327, 0.7893653100775194, 52
9.787878787878789, 10.2, 7.24, 12.509803921568627, 9.346938775510203, 1.3691377431921634, 0.7979231050897108, 52
10.237113402061855, 11.291666666666666, 7.208333333333333, 14.653061224489797, 7.755102040816326, 1.7338750923452861, 0.8255919854280509, 52
9.383838383838384, 7.6, 11.76, 13.882352941176471, 4.285714285714286, 1.3388218535277359, 1.0656059204440333, 52
9.103092783505156, 5.75, 11.166666666666666, 5.1020408163265305, 14.36734693877551, 0.42500333022512327, 0.868885394828791, 52
8.577319587628866, 4.875, 10.125, 9.020408163265307, 10.244897959183673, 0.6821540388227926, 0.7786016949152544, 52
9.363636363636365, 5.24, 10.32, 21.215686274509803, 0.6122448979591837, 2.419968315880713, 0.7128481337537582, 52
9.67391304347826, 7.441860465116279, 9.44186046511628, 20.136363636363637, 0.5714285714285714, 2.7541623936779875, 0.8153317727362227, 52
9.777777777777779, 9.32, 8.68, 16.0, 5.142857142857142, 1.8317486564696155, 0.8513513513513513, 52
8.030927835051546, 9.25, 6.708333333333333, 16.163265306122447, 0.0, 3.788312840664216, 0.9873211279461279, 52
9.484536082474227, 13.333333333333334, 6.916666666666667, 17.591836734693878, 0.12244897959183673, 4.393331722638318, 1.1431451612903227, 52
10.329896907216494, 13.291666666666666, 8.166666666666666, 19.877551020408163, 0.0, 4.061536859641816, 1.0795260095824777, 52
11.0, 18.875, 7.875, 17.346938775510203, 0.0, 4.599611273080661, 1.542058823529412, 52
10.288659793814434, 11.083333333333334, 10.958333333333334, 16.081632653061227, 3.061224489795918, 1.9376478437556865, 1.1514303482587065, 52
10.065217391304348, 11.44186046511628, 11.023255813953488, 15.590909090909092, 2.571428571428571, 1.9884808495512312, 1.2369066524764907, 52
10.247422680412372, 15.25, 9.25, 14.16326530612245, 2.36734693877551, 2.5318401405357926, 1.4820987654320987, 52
9.381443298969073, 8.708333333333334, 5.916666666666667, 21.428571428571427, 1.346938775510204, 4.149028330601732, 0.6421370967741935, 52
9.340206185567009, 9.583333333333334, 5.791666666666666, 19.95918367346939, 1.9183673469387756, 3.8316973640674976, 0.7027751865671641, 52
10.103092783505154, 9.708333333333332, 7.958333333333334, 19.428571428571427, 3.2653061224489797, 2.596030002272899, 0.7784772182254197, 52
11.0, 12.375, 9.791666666666666, 20.122448979591837, 1.673469387755102, 2.834458206630572, 1.0170099875156056, 52
11.092783505154639, 13.791666666666666, 8.0, 19.183673469387756, 3.387755102040816, 2.8956839904420546, 0.9654535864978903, 52
10.56701030927835, 8.875, 9.708333333333332, 17.755102040816325, 5.877551020408163, 1.708603851819521, 0.7863413932066782, 52
16.60824742268041, 10.75, 20.583333333333336, 6.326530612244897, 28.73469387755102, 0.34625331907996826, 0.893674815677144, 53
14.463917525773196, 6.125, 16.166666666666664, 4.653061224489797, 30.775510204081634, 0.22960292732410695, 0.6292002688172043, 53
13.0, 4.92, 15.479999999999999, 0.35294117647058826, 31.346938775510203, 0.11260486622346236, 0.6435355600999773, 53
10.717391304347826, 2.9302325581395348, 14.372093023255813, 0.27272727272727276, 24.816326530612244, 0.08173230427075649, 0.6896364333633138, 53
12.43298969072165, 8.625, 11.666666666666666, 3.63265306122449, 25.71428571428571, 0.327911737943585, 0.6914406583217432, 53
12.606060606060607, 8.0, 11.44, 11.333333333333332, 19.306122448979593, 0.6288055791560464, 0.6344760213143873, 53
12.742268041237114, 12.125, 9.083333333333334, 14.448979591836736, 15.224489795918366, 1.093227453998461, 0.7147237505731316, 53
10.575757575757576, 6.36, 10.4, 12.705882352941176, 12.408163265306122, 0.8359236178365406, 0.6673556405353729, 53
10.164948453608247, 6.291666666666666, 5.666666666666666, 22.040816326530614, 6.448979591836734, 2.338503649635036, 0.4197409264565425, 53
11.309278350515465, 11.166666666666666, 6.083333333333334, 20.89795918367347, 6.938775510204081, 2.462322058247355, 0.6196847507331378, 53
11.262626262626263, 8.76, 8.92, 22.627450980392158, 4.326530612244897, 2.3694846521834223, 0.6559327771014579, 53
12.228260869565217, 13.209302325581396, 9.44186046511628, 22.68181818181818, 5.224489795918368, 2.447174645948188, 0.8116861180192166, 53
10.646464646464647, 10.4, 9.64, 12.274509803921568, 9.795918367346939, 1.1666291952540602, 0.9080023207745584, 53
11.206185567010309, 8.75, 9.75, 18.20408163265306, 8.0, 1.5185398102903134, 0.7059968847352025, 53
12.11340206185567, 10.166666666666666, 10.125, 19.510204081632654, 8.53061224489796, 1.5907744199826794, 0.7236475012130034, 53
12.948453608247423, 13.166666666666666, 6.75, 26.612244897959187, 5.142857142857142, 3.3447733447733445, 0.6271958011996571, 53
11.721649484536083, 17.833333333333336, 0.0, 25.142857142857146, 3.7959183673469385, 11.321684587813621, 0.6162435354960037, 53
13.70103092783505, 12.458333333333334, 11.083333333333334, 25.510204081632654, 5.63265306122449, 2.271390782378675, 0.7559250764525993, 53
13.880434782608694, 11.953488372093023, 11.627906976744185, 25.636363636363633, 7.877551020408164, 1.9271453156313734, 0.7036299874348569, 53
10.97938144329897, 9.083333333333334, 8.458333333333332, 18.816326530612244, 7.428571428571429, 1.7561419472247497, 0.668383877656817, 53
10.628865979381445, 16.625, 0.04166666666666667, 22.081632653061227, 3.6734693877551026, 10.418631265735865, 0.647120972002113, 53
12.340206185567009, 16.25, 1.8333333333333333, 25.142857142857146, 5.959183673469388, 5.311872544740288, 0.5814195100612424, 53
11.97938144329897, 13.083333333333332, 4.5, 24.979591836734695, 5.183673469387755, 3.9306287319985955, 0.582938655841227, 53
12.11340206185567, 15.083333333333334, 0.9583333333333333, 28.3265306122449, 3.9183673469387754, 8.90148212728858, 0.4974947257383967, 53
16.15463917525773, 19.375, 7.166666666666667, 24.612244897959183, 13.306122448979593, 2.1485711912277785, 0.6999686042339434, 53
15.917525773195877, 23.333333333333332, 6.791666666666667, 18.408163265306122, 15.061224489795919, 1.9101132339779758, 0.9000762195121952, 53
12.618556701030927, 0.7083333333333333, 19.208333333333332, 0.2857142857142857, 30.16326530612245, 0.020133997003151858, 0.6540996425379804, 53
8.288659793814434, 4.583333333333333, 7.333333333333333, 3.63265306122449, 17.51020408163265, 0.3307092004381161, 0.5636261261261262, 53
10.505050505050505, 0.2, 14.719999999999999, 0.0784313725490196, 27.142857142857142, 0.00665103606280077, 0.548100432187693, 53
10.021739130434783, 0.09302325581395349, 16.74418604651163, 3.0454545454545454, 20.122448979591837, 0.08513057400129671, 0.7267472123286077, 53
12.103092783505156, 5.916666666666667, 15.791666666666668, 5.469387755102041, 21.183673469387752, 0.30793643492859274, 0.8144780500255233, 53
10.464646464646464, 6.04, 15.440000000000001, 4.745098039215686, 15.428571428571427, 0.34938766324745374, 1.0647542349347405, 53
12.845360824742269, 7.708333333333334, 11.75, 7.102040816326531, 24.693877551020407, 0.4063885388958888, 0.6119758237056055, 53
13.2020202020202, 13.200000000000001, 18.88, 12.0, 8.122448979591837, 0.9332486849265373, 1.5942393509127788, 53
11.206185567010309, 9.916666666666666, 9.958333333333332, 11.26530612244898, 13.63265306122449, 0.8978841509569983, 0.7982581967213115, 53
13.876288659793815, 14.249999999999998, 9.708333333333332, 20.816326530612244, 10.653061224489797, 1.722196700772604, 0.7613218763510592, 53
11.323232323232322, 12.120000000000001, 3.4799999999999995, 22.03921568627451, 7.5102040816326525, 3.1081511710381253, 0.5279291479334813, 53
13.73913043478261, 9.953488372093023, 10.465116279069768, 22.636363636363637, 13.346938775510203, 1.3686282823450964, 0.5674466567144493, 53
14.222222222222221, 14.96, 15.24, 18.549019607843135, 7.346938775510205, 1.4835573753879012, 1.1662051488086043, 53
13.123711340206185, 12.666666666666668, 10.041666666666666, 22.979591836734695, 6.693877551020408, 2.1299730704740614, 0.7652739569005045, 53
14.65979381443299, 12.083333333333334, 11.083333333333334, 21.591836734693878, 13.714285714285715, 1.3580001371648034, 0.6561657032755299, 53
14.030927835051546, 10.541666666666668, 9.708333333333332, 26.653061224489793, 9.061224489795919, 1.9816517917818148, 0.5670000000000001, 53
13.927835051546392, 11.458333333333332, 10.208333333333334, 20.57142857142857, 13.306122448979593, 1.3621306910642605, 0.6395582329317269, 53
14.319587628865978, 11.166666666666666, 8.541666666666666, 18.489795918367346, 18.897959183673468, 1.0807896123214233, 0.5271333697234353, 53
12.086956521739129, 8.325581395348838, 11.209302325581396, 18.09090909090909, 11.918367346938776, 1.142202861780124, 0.6509615038999317, 53
12.577319587628866, 13.333333333333334, 9.125, 18.73469387755102, 9.061224489795919, 1.763314162809183, 0.8079723445912873, 53
16.989690721649485, 20.541666666666668, 8.666666666666668, 30.408163265306122, 8.204081632653061, 3.0200100806451617, 0.7564526074700495, 53
16.443298969072163, 12.541666666666668, 11.041666666666666, 25.510204081632654, 16.448979591836736, 1.3841751987379751, 0.5620541504539559, 53
16.63917525773196, 20.375, 6.75, 27.755102040816325, 11.551020408163264, 2.6299135768051296, 0.6900960539979232, 53
18.072164948453608, 19.916666666666664, 6.041666666666667, 31.102040816326532, 15.020408163265305, 2.4223020711373087, 0.5628134218289086, 53
20.917525773195877, 20.625, 18.333333333333332, 22.693877551020407, 21.918367346938776, 1.0761999323981748, 0.8732654772796583, 53
18.721649484536083, 8.333333333333332, 29.541666666666664, 18.122448979591837, 18.897959183673468, 0.5461599227595892, 1.0230843439911796, 53
12.8659793814433, 1.2083333333333333, 22.333333333333332, 3.2653061224489797, 24.612244897959183, 0.09529416026662803, 0.844466813079551, 53
20.68041237113402, 11.833333333333334, 28.291666666666664, 15.224489795918366, 27.346938775510203, 0.48631382677935536, 0.9425335570469798, 53
14.545454545454545, 3.08, 21.0, 3.0980392156862746, 30.979591836734695, 0.11885509288128286, 0.7066218882104274, 53
13.5, 6.604651162790698, 14.418604651162791, 9.772727272727273, 23.42857142857143, 0.43272392109295194, 0.6332058273711788, 53
13.061855670103093, 5.75, 21.166666666666668, 8.36734693877551, 16.979591836734695, 0.3700847079803834, 1.0619296833064946, 53
15.98989898989899, 6.4399999999999995, 23.200000000000003, 6.078431372549019, 28.04081632653061, 0.24430585361434679, 0.8687178645149184, 53
13.257731958762886, 6.458333333333334, 17.458333333333336, 11.83673469387755, 17.22448979591837, 0.5274965062397332, 0.8229751872659176, 53
14.11111111111111, 13.719999999999999, 13.600000000000001, 15.450980392156863, 13.142857142857142, 1.0907952069716775, 0.9554506269592477, 53
15.103092783505154, 14.166666666666666, 15.333333333333332, 19.714285714285715, 11.183673469387754, 1.2777065161621344, 0.9547556142668427, 53
15.350515463917525, 11.833333333333334, 11.708333333333334, 22.653061224489797, 15.061224489795919, 1.2882691147041072, 0.6242108585858587, 53
16.767676767676768, 12.64, 12.879999999999999, 22.509803921568626, 18.285714285714285, 1.1278356593829317, 0.6255589123867069, 53
12.467391304347826, 11.116279069767442, 7.534883720930233, 19.68181818181818, 12.73469387755102, 1.5194247192350592, 0.575359951019376, 53
17.363636363636363, 11.24, 19.400000000000002, 15.607843137254902, 22.653061224489797, 0.6384277946838252, 0.8008174535109922, 53
17.701030927835053, 12.541666666666668, 12.333333333333334, 28.816326530612248, 16.897959183673468, 1.4148533860833141, 0.544140625, 53
11.237113402061857, 12.916666666666668, 3.958333333333333, 21.836734693877553, 6.081632653061225, 3.461505886338613, 0.6044407894736842, 53
14.989690721649485, 9.208333333333334, 11.291666666666666, 21.26530612244898, 18.0, 1.040351844863123, 0.5220893970893972, 53
12.20618556701031, 5.875, 8.791666666666668, 19.46938775510204, 14.489795918367346, 1.0886080572701704, 0.4318910256410257, 53
15.793814432989691, 10.416666666666668, 12.416666666666666, 29.591836734693878, 10.571428571428571, 1.7404009765480506, 0.5685128726287263, 53
16.184782608695652, 16.41860465116279, 16.930232558139537, 18.545454545454547, 14.857142857142858, 1.0999353906962603, 0.998390538536656, 53
15.402061855670105, 14.625, 13.416666666666666, 14.816326530612244, 18.693877551020407, 0.9168741062443726, 0.8368097848152658, 53
15.340206185567009, 11.666666666666666, 10.583333333333334, 19.6734693877551, 19.26530612244898, 1.049968662754259, 0.5714098532494759, 53
16.649484536082472, 10.916666666666666, 9.875, 27.591836734693874, 17.918367346938776, 1.3855285299066846, 0.4568572496263079, 53
17.77319587628866, 15.458333333333332, 12.333333333333334, 36.857142857142854, 6.244897959183674, 2.815955693885024, 0.644787720959596, 53
17.701030927835053, 15.708333333333332, 13.333333333333334, 27.061224489795922, 14.53061224489796, 1.5349426269531252, 0.6982540071965979, 53
18.65979381443299, 16.375, 14.166666666666666, 28.938775510204078, 14.979591836734693, 1.554702999183102, 0.6954189900867411, 53
20.75257731958763, 19.125, 21.208333333333336, 22.408163265306122, 20.244897959183675, 1.001928244681942, 0.9456140350877192, 53
