5.652892561983471, 6.721536351165981, 1.455026455026455, 7.2751322751322745, 7.142857142857142, 1.627920227920228, 0.5671083927964662, 1
5.421487603305785, 6.310013717421124, 0.0, 8.862433862433862, 6.505102040816327, 2.3323919416875114, 0.4106067333857066, 1
5.785123966942149, 5.075445816186557, 2.7777777777777777, 6.878306878306878, 8.290816326530612, 1.0799702818482162, 0.5177111088042262, 1
5.1570247933884295, 3.4293552812071333, 1.7195767195767195, 5.952380952380952, 9.311224489795919, 0.8505036085335871, 0.33733392941068585, 1
4.429752066115703, 2.880658436213992, 0.26455026455026454, 7.804232804232804, 6.63265306122449, 1.5491628614916284, 0.21785922047702153, 1
4.661157024793389, 2.194787379972565, 2.2486772486772484, 4.894179894179894, 9.056122448979592, 0.627075884911238, 0.3185210269531299, 1
4.892561983471074, 2.7434842249657065, 0.5291005291005291, 13.624338624338625, 2.6785714285714284, 5.102710958381062, 0.20073623319059422, 1
4.0, 1.646090534979424, 0.0, 8.994708994708994, 5.229591836734694, 2.0347284954331024, 0.11572382744750731, 1
4.033057851239669, 0.0, 0.0, 6.613756613756613, 9.183673469387756, 0.7201646090534979, 0.0, 1
4.3966942148760335, 0.0, 0.0, 11.64021164021164, 5.7397959183673475, 2.02798353909465, 0.0, 1
4.1652892561983474, 0.823045267489712, 0.5291005291005291, 8.068783068783068, 7.015306122448979, 1.1785987615668267, 0.08964053311062395, 1
5.090909090909091, 1.7832647462277091, 1.5873015873015872, 7.5396825396825395, 9.183673469387756, 0.8655620532813515, 0.2015484410964637, 1
3.9008264462809916, 0.9602194787379973, 0.7936507936507936, 6.613756613756613, 7.015306122448979, 0.9699088077793463, 0.1286860517363117, 1
4.330578512396694, 1.646090534979424, 0.0, 8.068783068783068, 7.3979591836734695, 1.3131829147154817, 0.10642774723410033, 1
3.9669421487603307, 0.1371742112482853, 1.0582010582010581, 7.804232804232804, 6.63265306122449, 1.0325780325780325, 0.08280007756447547, 1
3.9669421487603307, 0.9602194787379973, 0.3968253968253968, 8.73015873015873, 5.612244897959184, 1.6126252038201723, 0.09461767432781926, 1
4.363636363636364, 1.2345679012345678, 0.5291005291005291, 6.084656084656085, 9.311224489795919, 0.7437990078412545, 0.11455456684054413, 1
4.294003868471954, 0.0, 2.6234567901234565, 4.813664596273292, 9.226190476190476, 0.4062285136501516, 0.18685782556750297, 1
6.475279106858054, 5.291005291005291, 1.1479591836734695, 12.643678160919542, 6.65024630541872, 2.299847506841303, 0.3337301587301587, 2
6.507177033492822, 6.349206349206349, 0.0, 12.643678160919542, 6.896551724137931, 2.753968253968254, 0.3249299719887955, 2
6.379585326953747, 5.423280423280423, 0.0, 12.643678160919542, 7.389162561576355, 2.445061728395062, 0.270719489981785, 2
5.039872408293461, 4.894179894179894, 0.0, 12.899106002554278, 2.3399014778325125, 7.604288499025341, 0.3211613289434301, 2
5.295055821371611, 4.232804232804233, 0.0, 16.347381864623244, 0.7389162561576355, 27.851851851851855, 0.24773091297383876, 2
4.497607655502392, 4.232804232804233, 0.0, 11.36653895274585, 2.4630541871921183, 6.333333333333333, 0.30606860158311344, 2
4.688995215311005, 2.513227513227513, 0.0, 13.409961685823754, 2.832512315270936, 5.6215780998389695, 0.15473181690536367, 2
4.2105263157894735, 3.571428571428571, 0.0, 10.217113665389528, 3.0788177339901477, 4.478518518518519, 0.2686106346483705, 2
5.199362041467304, 3.439153439153439, 0.0, 12.51596424010217, 4.80295566502463, 3.321937321937322, 0.19857782459836712, 2
4.657097288676236, 2.7777777777777777, 0.0, 12.005108556832694, 3.8177339901477834, 3.872162485065711, 0.17555491496108386, 2
5.263157894736842, 2.91005291005291, 0.0, 14.303959131545337, 3.8177339901477834, 4.508960573476702, 0.16058394160583941, 2
4.784688995215311, 4.497354497354497, 0.0, 10.983397190293742, 3.6945812807881775, 4.190123456790123, 0.30640149160969543, 2
5.071770334928229, 3.1746031746031744, 0.0, 9.961685823754788, 7.0197044334975365, 1.8713450292397662, 0.1869460112812248, 2
5.039872408293461, 3.3068783068783065, 0.0, 12.260536398467432, 4.556650246305419, 3.4164164164164164, 0.19663683211282884, 2
4.752791068580542, 2.7777777777777777, 0.0, 11.23882503192848, 4.926108374384237, 2.8453703703703703, 0.1718397291196388, 2
4.752791068580542, 2.6455026455026456, 0.0, 13.154533844189018, 3.201970443349754, 4.934472934472934, 0.16174010039040712, 2
3.5406698564593304, 1.3227513227513228, 0.0, 10.217113665389528, 2.586206896551724, 4.462081128747796, 0.10331314570716064, 2
4.591265397536394, 2.484472049689441, 0.0, 10.044977511244378, 5.747126436781609, 2.1801242236024847, 0.15732368896925858, 2
2.5785123966942147, 2.3319615912208507, 0.5291005291005291, 4.1005291005291005, 3.316326530612245, 1.6727636727636725, 0.38575135645199343, 3
2.5454545454545454, 1.0973936899862824, 1.7195767195767195, 3.968253968253968, 3.316326530612245, 1.0059064693211035, 0.3867031752894269, 3
3.041322314049587, 0.5486968449931412, 2.513227513227513, 5.952380952380952, 3.061224489795918, 1.1662272441933457, 0.33970028728938584, 3
2.809917355371901, 1.646090534979424, 0.3968253968253968, 6.084656084656085, 3.061224489795918, 2.2355798421372195, 0.2233700642791552, 3
2.809917355371901, 0.5486968449931412, 0.5291005291005291, 6.746031746031746, 3.316326530612245, 1.8969878969878966, 0.10711180664232309, 3
2.743801652892562, 1.0973936899862824, 0.26455026455026454, 8.068783068783068, 1.530612244897959, 5.106042884990253, 0.14187809857101194, 3
2.347107438016529, 0.5486968449931412, 0.5291005291005291, 7.01058201058201, 1.2755102040816326, 4.188869497770021, 0.13007306051775835, 3
2.7107438016528924, 1.5089163237311385, 0.13227513227513227, 8.73015873015873, 0.5102040816326531, 15.936819172113289, 0.17761114898129213, 3
2.975206611570248, 1.0973936899862824, 0.0, 10.185185185185185, 0.6377551020408163, 17.69108367626886, 0.10139515333753657, 3
2.6115702479338845, 0.2743484224965706, 0.5291005291005291, 8.201058201058201, 1.403061224489796, 4.386489178665217, 0.0836567014628992, 3
2.975206611570248, 0.5486968449931412, 1.1904761904761905, 8.597883597883598, 1.530612244897959, 3.361368312757201, 0.1717108899944721, 3
3.272727272727273, 0.0, 1.984126984126984, 8.73015873015873, 2.1683673469387754, 2.1023890784982937, 0.1820546163849155, 3
1.9504132231404958, 0.2743484224965706, 0.7936507936507936, 5.423280423280423, 1.2755102040816326, 2.753593776424826, 0.1594316460324923, 3
2.3801652892561984, 0.823045267489712, 0.26455026455026454, 7.5396825396825395, 0.8928571428571428, 7.2253968253968255, 0.12897603485838782, 3
2.2148760330578514, 0.0, 0.5291005291005291, 6.746031746031746, 1.530612244897959, 3.2752293577981653, 0.0639269406392694, 3
2.5454545454545454, 0.0, 0.9259259259259258, 7.804232804232804, 1.403061224489796, 3.350912778904665, 0.10056439199589533, 3
3.6363636363636362, 2.606310013717421, 1.3227513227513228, 10.185185185185185, 0.5102040816326531, 6.978617793050783, 0.36736029315534613, 3
3.210831721470019, 0.0, 0.7716049382716049, 9.627329192546584, 2.380952380952381, 3.0538157494679234, 0.06425606641123882, 3
5.454545454545454, 0.0, 9.311224489795919, 0.6385696040868455, 11.330049261083744, 0.030936540631831492, 0.7779698388501742, 4
5.518341307814992, 0.0, 7.525510204081633, 2.80970625798212, 11.330049261083744, 0.14901208649750752, 0.5322235023041475, 4
5.422647527910686, 0.5291005291005291, 5.229591836734694, 6.513409961685824, 9.113300492610838, 0.49101048303746864, 0.36851597031106664, 4
5.486443381180224, 0.3968253968253968, 6.760204081632653, 7.0242656449553005, 7.512315270935961, 0.5199566284312047, 0.49234613832982205, 4
6.34768740031898, 1.455026455026455, 5.48469387755102, 10.727969348659004, 7.512315270935961, 0.937369179670364, 0.38046118672525275, 4
5.8054226475279105, 0.9259259259259258, 4.974489795918367, 8.55683269476373, 8.497536945812808, 0.7038850799869409, 0.3459767699537692, 4
5.295055821371611, 0.13227513227513227, 5.48469387755102, 8.812260536398467, 6.403940886699508, 0.7523602033405955, 0.3691439705378554, 4
5.996810207336523, 6.481481481481481, 0.3826530612244898, 12.260536398467432, 4.80295566502463, 3.6142367982910817, 0.4022702104097453, 4
5.964912280701754, 5.555555555555555, 0.0, 18.135376756066414, 0.3694581280788177, 64.12345679012346, 0.3002218387971407, 4
6.124401913875598, 0.0, 4.209183673469387, 9.450830140485312, 10.467980295566502, 0.6439139169136173, 0.21131702051097517, 4
5.8054226475279105, 5.82010582010582, 0.0, 16.347381864623244, 1.2315270935960592, 18.0, 0.33108458744161906, 4
6.443381180223286, 0.0, 5.48469387755102, 10.855683269476373, 8.990147783251231, 0.7499690513971887, 0.2763650392356437, 4
5.582137161084529, 0.0, 2.806122448979592, 6.896551724137931, 12.192118226600986, 0.45982404692082113, 0.14700460829493087, 4
5.454545454545454, 0.0, 4.591836734693878, 5.874840357598978, 10.960591133004927, 0.37774426009720125, 0.27274838410032126, 4
6.539074960127592, 0.0, 4.719387755102041, 8.939974457215836, 12.068965517241379, 0.5325105036920599, 0.2246371192854041, 4
5.8054226475279105, 0.13227513227513227, 4.846938775510204, 9.195402298850574, 8.74384236453202, 0.6863238643173918, 0.2775598416330682, 4
6.283891547049442, 0.3968253968253968, 6.122448979591836, 16.091954022988507, 2.3399014778325125, 1.9484869484869487, 0.3536960441192067, 4
6.905561776782382, 0.0, 5.059523809523809, 10.944527736131935, 11.206896551724139, 0.6728295158414485, 0.22840625251792765, 4
6.347107438016529, 3.5665294924554183, 7.4074074074074066, 5.158730158730158, 9.056122448979592, 0.5299750252404485, 0.7720049727361127, 5
5.289256198347108, 3.292181069958848, 3.7037037037037033, 9.788359788359788, 4.209183673469387, 1.6530679933665005, 0.4997937525780928, 5
4.066115702479339, 2.7434842249657065, 2.7777777777777777, 8.333333333333332, 2.295918367346939, 2.1831850472446375, 0.519440329218107, 5
4.297520661157025, 5.761316872427984, 1.3227513227513228, 8.465608465608465, 1.7857142857142856, 4.576832151300237, 0.6910394265232975, 5
4.264462809917355, 0.6858710562414266, 1.5873015873015872, 8.73015873015873, 5.86734693877551, 1.2631084823733745, 0.1557233609013544, 5
3.5371900826446283, 1.3717421124828533, 0.3968253968253968, 9.39153439153439, 2.933673469387755, 3.2317310218019433, 0.1434919012534957, 5
4.0, 0.2743484224965706, 0.26455026455026454, 10.582010582010582, 4.591836734693878, 2.235480616803574, 0.03551496702181634, 5
4.859504132231405, 0.1371742112482853, 0.26455026455026454, 10.978835978835978, 7.653061224489796, 1.4039600459648192, 0.0215611148674029, 5
3.8677685950413223, 0.823045267489712, 1.7195767195767195, 8.333333333333332, 4.464285714285714, 1.4806892453951277, 0.19867929945449328, 5
3.8016528925619832, 0.0, 0.0, 11.507936507936508, 3.4438775510204076, 3.341563786008231, 0.0, 5
4.793388429752066, 0.0, 0.3968253968253968, 9.25925925925926, 9.183673469387756, 0.9664694280078895, 0.021516393442622947, 5
4.132231404958678, 0.0, 0.0, 9.25925925925926, 7.015306122448979, 1.3198653198653199, 0.0, 5
4.099173553719009, 0.2743484224965706, 0.3968253968253968, 10.052910052910052, 5.48469387755102, 1.7558827904209429, 0.043196738848912765, 5
3.9008264462809916, 2.05761316872428, 0.13227513227513227, 8.333333333333332, 4.974489795918367, 2.0347414945009765, 0.16455646274602612, 5
4.1652892561983474, 0.0, 0.0, 10.185185185185185, 6.25, 1.6296296296296295, 0.0, 5
4.363636363636364, 0.0, 0.0, 15.74074074074074, 1.6581632653061225, 9.492877492877492, 0.0, 5
3.9669421487603307, 0.5486968449931412, 0.6613756613756614, 11.64021164021164, 2.806122448979592, 3.5151882127358958, 0.08376329239638593, 5
5.338491295938105, 0.1610305958132045, 1.2345679012345678, 10.869565217391305, 8.779761904761903, 1.1014811801584072, 0.07102525640556592, 5
5.6778309409888355, 3.968253968253968, 12.11734693877551, 0.2554278416347382, 6.157635467980295, 0.23111824218924099, 2.5082554358870146, 6
5.103668261562999, 5.026455026455026, 4.846938775510204, 6.641123882503193, 3.9408866995073892, 1.327698068438809, 0.9330357142857143, 6
5.103668261562999, 4.894179894179894, 5.612244897959184, 7.2796934865900385, 2.70935960591133, 1.462923811761021, 1.0517938682322243, 6
5.231259968102074, 3.3068783068783065, 6.25, 5.363984674329502, 5.911330049261084, 0.7129864041256446, 0.8475930420711975, 6
5.454545454545454, 4.62962962962963, 4.846938775510204, 7.790549169859514, 4.556650246305419, 1.3207913245331393, 0.7675075201857617, 6
5.422647527910686, 5.158730158730158, 4.719387755102041, 9.450830140485312, 2.4630541871921183, 2.0340659091424556, 0.8291265587398818, 6
5.0079744816586915, 4.497354497354497, 4.336734693877551, 8.301404853128991, 2.955665024630542, 1.755081981861234, 0.7847592035193331, 6
4.688995215311005, 4.232804232804233, 3.316326530612245, 7.2796934865900385, 3.9408866995073892, 1.5863524130190796, 0.6727932636469222, 6
4.5933014354066986, 3.571428571428571, 4.591836734693878, 8.684546615581098, 1.600985221674877, 1.9790614478114477, 0.7936648717136522, 6
4.688995215311005, 3.835978835978836, 2.806122448979592, 11.23882503192848, 0.9852216748768473, 3.9761106814471083, 0.543363539445629, 6
4.497607655502392, 3.7037037037037033, 5.48469387755102, 6.385696040868455, 2.4630541871921183, 1.2694664780995715, 1.038383652430044, 6
4.433811802232855, 3.571428571428571, 2.5510204081632653, 10.600255427841635, 1.1083743842364533, 3.872685185185185, 0.5229005509488563, 6
4.178628389154706, 1.8518518518518516, 3.316326530612245, 10.089399744572159, 1.477832512315271, 2.490791709140333, 0.4467947273546643, 6
4.912280701754386, 3.835978835978836, 2.6785714285714284, 13.026819923371647, 0.24630541871921183, 5.765302144249513, 0.4908075601374571, 6
4.720893141945774, 4.761904761904762, 2.295918367346939, 11.877394636015326, 0.12315270935960591, 6.878383838383838, 0.5881251018081121, 6
4.625199362041467, 3.835978835978836, 2.806122448979592, 11.877394636015326, 0.12315270935960591, 5.364253142030921, 0.553483194874301, 6
4.8803827751196165, 3.439153439153439, 2.6785714285714284, 12.77139208173691, 0.7389162561576355, 4.74341007674341, 0.45281904118838623, 6
5.263157894736842, 3.1055900621118013, 4.017857142857143, 12.593703148425787, 1.4367816091954022, 2.878154525747474, 0.5077121231395497, 6
7.041322314049586, 4.38957475994513, 6.878306878306878, 6.878306878306878, 9.821428571428571, 0.6747341400806748, 0.6747341400806748, 7
5.917355371900826, 4.526748971193416, 4.232804232804233, 7.01058201058201, 7.780612244897959, 0.9603705160134574, 0.592214060115689, 7
6.710743801652892, 4.801097393689986, 5.158730158730158, 8.333333333333332, 8.418367346938775, 0.967396066908941, 0.5945562031292432, 7
7.074380165289257, 3.155006858710562, 4.232804232804233, 8.994708994708994, 11.607142857142858, 0.7670300780947963, 0.3585993698353249, 7
6.644628099173554, 3.7037037037037033, 3.1746031746031744, 6.216931216931217, 13.137755102040815, 0.6081668114682884, 0.35538198681962413, 7
6.24793388429752, 4.252400548696845, 2.6455026455026456, 8.068783068783068, 9.821428571428571, 0.9883092641713331, 0.3855685630177312, 7
6.644628099173554, 4.663923182441701, 3.968253968253968, 9.920634920634921, 7.908163265306123, 1.2280267538819647, 0.4841704449547587, 7
7.107438016528926, 0.823045267489712, 4.232804232804233, 10.846560846560847, 12.11734693877551, 0.7137307778740891, 0.22016503234359644, 7
6.148760330578512, 2.3319615912208507, 5.555555555555555, 4.232804232804233, 12.11734693877551, 0.37145940380369674, 0.4824124905026379, 7
6.87603305785124, 1.9204389574759946, 6.084656084656085, 9.39153439153439, 9.821428571428571, 0.7111727111727111, 0.41665072990374197, 7
4.56198347107438, 2.194787379972565, 0.9259259259259258, 8.465608465608465, 6.505102040816327, 1.4345788891243436, 0.2084545890162804, 7
6.380165289256198, 0.0, 3.0423280423280423, 11.772486772486772, 10.204081632653061, 0.8887303851640513, 0.13843508168529664, 7
5.12396694214876, 0.0, 0.0, 8.73015873015873, 11.224489795918368, 0.7777777777777778, 0.0, 7
4.231404958677686, 0.6858710562414266, 0.0, 10.185185185185185, 5.86734693877551, 1.8528061072344486, 0.042726658382926774, 7
3.933884297520661, 1.0973936899862824, 0.0, 14.550264550264549, 0.12755102040816327, 122.67764060356652, 0.0747654638868028, 7
4.661157024793389, 3.7037037037037033, 0.0, 13.88888888888889, 1.0204081632653061, 17.240740740740744, 0.24841571609632443, 7
5.024793388429752, 2.194787379972565, 1.455026455026455, 16.26984126984127, 0.12755102040816327, 11.667440574903262, 0.22258501659250723, 7
4.4100580270793035, 0.8051529790660225, 1.0802469135802468, 7.608695652173914, 7.886904761904762, 0.938296678335694, 0.12167323900100518, 7
6.923076923076923, 7.264957264957266, 0.0, 11.538461538461538, 9.065934065934066, 2.074074074074074, 0.3525925925925926, 8
5.559440559440559, 4.415954415954416, 0.0, 7.4074074074074066, 10.43956043956044, 1.1325536062378165, 0.24743443557582664, 8
5.804195804195804, 5.698005698005698, 0.0, 9.544159544159545, 8.104395604395604, 1.8807281858129314, 0.32285961372153354, 8
6.048951048951049, 3.561253561253561, 1.098901098901099, 1.4245014245014245, 17.71978021978022, 0.2649364693160314, 0.24342280095668348, 8
4.86013986013986, 3.418803418803419, 0.0, 5.413105413105413, 10.576923076923077, 0.8350168350168351, 0.21380846325167038, 8
4.510489510489511, 3.9886039886039883, 0.0, 9.82905982905983, 4.395604395604396, 3.143518518518518, 0.2804005722460658, 8
5.314685314685315, 2.849002849002849, 0.0, 10.256410256410255, 8.241758241758241, 1.5901234567901235, 0.154015401540154, 8
5.629370629370629, 5.555555555555555, 1.098901098901099, 12.82051282051282, 3.296703296703297, 4.1805555555555545, 0.4128787878787879, 8
5.13986013986014, 4.985754985754986, 0.27472527472527475, 7.834757834757834, 7.554945054945055, 1.6374269005847952, 0.34181818181818185, 8
4.86013986013986, 2.7065527065527064, 0.0, 12.250712250712251, 4.670329670329671, 3.202614379084967, 0.15995189416716776, 8
5.839160839160839, 8.974358974358974, 0.0, 11.823361823361823, 2.8846153846153846, 7.209876543209877, 0.6101694915254238, 8
5.944055944055944, 6.267806267806268, 0.0, 13.105413105413104, 4.670329670329671, 4.148148148148149, 0.3526044647967945, 8
4.545454545454546, 3.9886039886039883, 0.0, 12.82051282051282, 1.6483516483516485, 10.19753086419753, 0.2756680731364276, 8
5.874125874125874, 8.262108262108262, 0.6868131868131868, 14.957264957264957, 0.0, 33.8074074074074, 0.5982993197278912, 8
4.685314685314685, 6.267806267806268, 0.0, 10.113960113960115, 2.60989010989011, 6.276803118908382, 0.4926029588164734, 8
4.86013986013986, 6.695156695156696, 0.0, 10.113960113960115, 2.8846153846153846, 5.82716049382716, 0.5150684931506849, 8
5.664335664335664, 8.11965811965812, 0.0, 10.113960113960115, 4.670329670329671, 3.9041394335511983, 0.5492085340674467, 8
6.833060556464813, 8.361204013377927, 0.8012820512820512, 13.043478260869565, 5.448717948717949, 3.4247491638795986, 0.49547852298417483, 8
3.008264462809917, 0.0, 4.497354497354497, 0.0, 7.270408163265306, 0.0, 0.6185834957764782, 9
3.1735537190082646, 5.8984910836762685, 0.9259259259259258, 6.084656084656085, 0.0, 12.941798941798941, 1.1215780998389695, 9
3.5041322314049586, 0.0, 5.555555555555555, 0.0, 8.16326530612245, 0.0, 0.6805555555555556, 9
1.8512396694214877, 0.411522633744856, 1.455026455026455, 5.555555555555555, 0.0, 4.101010101010101, 0.33597883597883604, 9
1.71900826446281, 0.0, 1.7195767195767195, 0.0, 4.974489795918367, 0.0, 0.345679012345679, 9
2.181818181818182, 1.646090534979424, 0.26455026455026454, 6.878306878306878, 0.0, 32.22222222222223, 0.2777777777777778, 9
2.644628099173554, 2.05761316872428, 1.5873015873015872, 4.232804232804233, 2.6785714285714284, 1.4745908699397072, 0.5273790536948432, 9
3.5702479338842976, 3.7037037037037033, 5.026455026455026, 4.62962962962963, 1.0204081632653061, 1.378125, 1.5451505016722409, 9
3.5041322314049586, 5.6241426611796985, 2.7777777777777777, 5.158730158730158, 0.6377551020408163, 3.1570103990574254, 1.449485345165867, 9
2.2148760330578514, 3.4293552812071333, 0.6613756613756614, 4.894179894179894, 0.0, 12.585185185185185, 0.8358358358358359, 9
2.5785123966942147, 3.840877914951989, 0.0, 6.613756613756613, 0.0, 10.0, 0.5807407407407408, 9
1.6198347107438016, 2.05761316872428, 0.6613756613756614, 3.835978835978836, 0.0, 8.911111111111111, 0.7088122605363985, 9
2.3801652892561984, 5.075445816186557, 1.1904761904761905, 3.439153439153439, 0.0, 7.152263374485598, 1.8219373219373218, 9
2.28099173553719, 5.075445816186557, 0.0, 4.232804232804233, 0.0, 10.0, 1.1990740740740742, 9
2.2148760330578514, 3.017832647462277, 1.5873015873015872, 4.365079365079365, 0.0, 4.651234567901235, 1.0549943883277217, 9
2.84297520661157, 3.4293552812071333, 1.455026455026455, 6.613756613756613, 0.0, 6.902356902356902, 0.7385185185185186, 9
2.512396694214876, 3.5665294924554183, 0.9259259259259258, 5.6878306878306875, 0.0, 9.994708994708995, 0.7898363479758829, 9
3.5203094777562867, 3.542673107890499, 2.7777777777777777, 7.298136645962733, 0.4464285714285714, 3.36231884057971, 0.8161143599740092, 9
3.206611570247934, 0.2743484224965706, 2.513227513227513, 2.6455026455026456, 7.142857142857142, 0.3023845763571791, 0.2847847847847848, 10
3.1074380165289255, 1.646090534979424, 1.8518518518518516, 3.3068783068783065, 5.48469387755102, 0.6751091078199901, 0.39787449997014745, 10
3.8016528925619832, 0.823045267489712, 1.3227513227513228, 4.894179894179894, 7.908163265306123, 0.6193563061526214, 0.16760967609676095, 10
3.5702479338842976, 0.411522633744856, 1.3227513227513228, 4.1005291005291005, 8.16326530612245, 0.4756529437804339, 0.14141414141414144, 10
3.1074380165289255, 1.5089163237311385, 0.26455026455026454, 5.423280423280423, 5.1020408163265305, 1.291731872717788, 0.16849524569452756, 10
3.4049586776859506, 2.194787379972565, 0.0, 6.613756613756613, 4.719387755102041, 1.866459051644237, 0.19366093897148504, 10
3.603305785123967, 3.017832647462277, 0.7936507936507936, 2.7777777777777777, 7.525510204081633, 0.6966580436199971, 0.36992884677433047, 10
3.041322314049587, 2.4691358024691357, 0.0, 5.423280423280423, 4.209183673469387, 1.8750467639356527, 0.2563348046427988, 10
2.1487603305785123, 1.0973936899862824, 0.0, 7.5396825396825395, 0.0, 10.0, 0.14554905782975958, 10
1.8181818181818181, 1.5089163237311385, 0.0, 2.2486772486772484, 3.4438775510204076, 1.0910938373215464, 0.2650683878899647, 10
1.9504132231404958, 1.2345679012345678, 0.0, 4.1005291005291005, 2.423469387755102, 2.201429499675114, 0.18923485397055273, 10
1.6198347107438016, 2.7434842249657065, 0.0, 3.835978835978836, 0.0, 10.0, 0.7151979565772669, 10
1.884297520661157, 2.4691358024691357, 0.0, 5.158730158730158, 0.0, 10.0, 0.47863247863247865, 10
1.6528925619834711, 1.5089163237311385, 0.0, 5.158730158730158, 0.0, 10.0, 0.2924976258309592, 10
1.6859504132231404, 2.3319615912208507, 0.0, 4.497354497354497, 0.0, 10.0, 0.5185185185185186, 10
2.4132231404958677, 2.7434842249657065, 0.0, 7.01058201058201, 0.0, 10.0, 0.3913347309573725, 10
1.6859504132231404, 2.7434842249657065, 0.0, 4.1005291005291005, 0.0, 10.0, 0.6690561529271207, 10
3.249516441005803, 5.797101449275362, 0.0, 7.453416149068323, 0.0, 10.0, 0.7777777777777778, 10
6.9421487603305785, 7.4074074074074066, 8.201058201058201, 7.142857142857142, 4.974489795918367, 1.104338472570814, 1.2881091617933722, 11
4.859504132231405, 2.880658436213992, 3.1746031746031744, 6.746031746031746, 6.505102040816327, 0.994523073586031, 0.45696177460883336, 11
5.619834710743802, 3.7037037037037033, 3.3068783068783065, 10.317460317460316, 4.974489795918367, 1.693097547062179, 0.45844918134074764, 11
6.87603305785124, 5.8984910836762685, 4.365079365079365, 10.978835978835978, 6.25, 1.5899388485058268, 0.5957204805573328, 11
10.677685950413224, 11.659807956104252, 5.6878306878306875, 19.31216931216931, 6.25, 2.5944393146609213, 0.6786450098222413, 11
5.322314049586777, 5.6241426611796985, 4.894179894179894, 6.349206349206349, 4.336734693877551, 1.2970923840934077, 0.9843141107508925, 11
5.454545454545454, 2.606310013717421, 1.984126984126984, 8.465608465608465, 8.545918367346939, 1.0514597145373277, 0.26984273915681856, 11
5.785123966942149, 3.292181069958848, 1.8518518518518516, 15.343915343915343, 2.6785714285714284, 4.113544201135442, 0.28542303771661576, 11
4.958677685950414, 3.5665294924554183, 2.2486772486772484, 11.11111111111111, 2.806122448979592, 2.903703703703703, 0.4178421462874959, 11
5.7190082644628095, 5.486968449931413, 2.6455026455026456, 14.947089947089948, 0.0, 7.724074074074075, 0.5440839069157652, 11
4.495867768595041, 3.017832647462277, 0.9259259259259258, 7.804232804232804, 6.122448979591836, 1.5353986694469268, 0.2831800592994623, 11
5.7190082644628095, 6.995884773662551, 1.8518518518518516, 9.920634920634921, 4.209183673469387, 2.7910279726335845, 0.6261748207585721, 11
5.3884297520661155, 8.641975308641975, 0.3968253968253968, 12.83068783068783, 0.0, 54.111111111111114, 0.70446735395189, 11
4.429752066115703, 4.938271604938271, 0.0, 12.962962962962962, 0.0, 10.0, 0.38095238095238093, 11
4.793388429752066, 6.858710562414267, 0.3968253968253968, 10.582010582010582, 1.530612244897959, 9.048656499636891, 0.5990061824695211, 11
4.297520661157025, 4.663923182441701, 0.6613756613756614, 12.037037037037036, 0.0, 25.251851851851853, 0.4424094424094424, 11
4.3966942148760335, 4.38957475994513, 0.0, 11.11111111111111, 2.1683673469387754, 7.148551601710643, 0.33055324979906975, 11
4.526112185686654, 3.3816425120772946, 0.7716049382716049, 12.888198757763975, 1.1904761904761905, 8.292134831460674, 0.2950027233115468, 11
2.9421487603305785, 0.411522633744856, 4.62962962962963, 0.0, 6.505102040816327, 0.036958468863432806, 0.774953602840313, 12
2.677685950413223, 0.0, 3.3068783068783065, 0.0, 7.142857142857142, 0.0, 0.46296296296296297, 12
3.1735537190082646, 0.0, 4.1005291005291005, 0.0, 8.290816326530612, 0.0, 0.4945868945868946, 12
2.7107438016528924, 0.0, 3.1746031746031744, 0.0, 7.3979591836734695, 0.0, 0.4291187739463601, 12
4.363636363636364, 0.0, 8.73015873015873, 0.0, 8.418367346938775, 0.0, 1.037037037037037, 12
2.644628099173554, 0.0, 3.0423280423280423, 0.0, 7.270408163265306, 0.0, 0.4184535412605588, 12
2.743801652892562, 0.0, 2.380952380952381, 1.455026455026455, 6.887755102040815, 0.15698267074413863, 0.2853907134767837, 12
2.479338842975207, 2.194787379972565, 0.0, 7.671957671957672, 0.12755102040816327, 77.35528120713306, 0.2814007223456042, 12
3.008264462809917, 3.840877914951989, 0.0, 8.333333333333332, 0.0, 10.0, 0.46090534979423875, 12
2.1487603305785123, 0.2743484224965706, 0.3968253968253968, 7.4074074074074066, 0.3826530612244898, 9.854994388327722, 0.0861577162365519, 12
3.008264462809917, 0.1371742112482853, 3.439153439153439, 0.0, 8.16326530612245, 0.011822897816383158, 0.43810013717421126, 12
2.181818181818182, 0.5486968449931412, 0.0, 8.201058201058201, 0.0, 10.0, 0.06690561529271206, 12
3.239669421487603, 4.252400548696845, 0.0, 8.862433862433862, 0.0, 10.0, 0.47982310668877837, 12
2.7768595041322315, 0.9602194787379973, 1.5873015873015872, 1.7195767195767195, 6.63265306122449, 0.32601106853980416, 0.30501089324618735, 12
3.8016528925619832, 4.801097393689986, 2.1164021164021163, 0.0, 8.16326530612245, 0.46704793028322444, 0.8473936899862826, 12
2.7107438016528924, 3.155006858710562, 0.0, 7.804232804232804, 0.0, 10.0, 0.40426867545511613, 12
3.206611570247934, 4.38957475994513, 1.5873015873015872, 7.01058201058201, 0.0, 7.182098765432098, 0.8525506638714185, 12
2.398452611218569, 1.932367149758454, 0.0, 7.763975155279502, 0.0, 10.0, 0.2488888888888889, 12
4.81658692185008, 2.7777777777777777, 5.86734693877551, 5.108556832694764, 5.41871921182266, 0.6987673566005601, 0.8212119336469421, 13
3.5725677830940987, 0.0, 5.357142857142857, 0.0, 8.620689655172415, 0.0, 0.6214285714285713, 13
6.698564593301436, 6.746031746031746, 2.933673469387755, 7.662835249042145, 9.236453201970443, 1.183953740513191, 0.5727877385772122, 13
4.912280701754386, 3.439153439153439, 2.0408163265306123, 7.662835249042145, 6.403940886699508, 1.3146604938271604, 0.38956827867333693, 13
5.326953748006379, 4.1005291005291005, 4.464285714285714, 4.469987228607918, 8.004926108374384, 0.687334247828075, 0.686563071297989, 13
4.3381180223285485, 2.380952380952381, 1.7857142857142856, 6.896551724137931, 6.157635467980295, 1.1679586563307494, 0.3191823899371069, 13
4.3381180223285485, 1.3227513227513228, 0.0, 6.896551724137931, 8.866995073891626, 0.926954732510288, 0.08391203703703703, 13
4.019138755980861, 1.8518518518518516, 2.1683673469387754, 5.363984674329502, 6.527093596059114, 0.8298394499709625, 0.33808701846676525, 13
4.752791068580542, 1.984126984126984, 2.0408163265306123, 7.0242656449553005, 7.758620689655173, 0.9192765476427954, 0.27227046326089827, 13
3.732057416267943, 0.5291005291005291, 0.0, 4.980842911877394, 9.113300492610838, 0.6046046046046045, 0.037540453074433655, 13
3.604465709728868, 0.0, 0.0, 7.4074074074074066, 6.773399014778326, 1.0936026936026935, 0.0, 13
3.732057416267943, 1.1904761904761905, 0.25510204081632654, 7.662835249042145, 5.665024630541872, 1.495459798580155, 0.10846289234379583, 13
5.454545454545454, 4.761904761904762, 0.7653061224489796, 9.83397190293742, 6.403940886699508, 2.035900931606453, 0.3403892455858748, 13
4.114832535885168, 0.0, 0.0, 9.323116219667945, 6.896551724137931, 1.3518518518518519, 0.0, 13
4.688995215311005, 1.1904761904761905, 1.403061224489796, 10.472541507024266, 5.41871921182266, 1.7096735678295962, 0.16320526488436934, 13
3.7639553429027113, 2.2486772486772484, 0.0, 7.790549169859514, 4.926108374384237, 2.037962962962963, 0.17682926829268292, 13
4.178628389154706, 2.513227513227513, 0.0, 9.067688378033207, 4.926108374384237, 2.350925925925926, 0.17959582790091264, 13
4.25531914893617, 0.7763975155279503, 0.4464285714285714, 7.796101949025487, 7.758620689655173, 1.0447834244228729, 0.0786144578313253, 13
3.6363636363636362, 1.5089163237311385, 1.8518518518518516, 7.2751322751322745, 3.826530612244898, 1.5469279595735501, 0.3027265563435776, 14
3.6363636363636362, 1.5089163237311385, 3.968253968253968, 5.82010582010582, 3.188775510204082, 1.0240312920180907, 0.6079745188292645, 14
3.6363636363636362, 0.1371742112482853, 3.7037037037037033, 6.481481481481481, 3.9540816326530615, 0.8643041560993442, 0.3680566034572372, 14
3.43801652892562, 0.823045267489712, 3.1746031746031744, 5.82010582010582, 3.826530612244898, 0.9488678962363173, 0.41440853194036353, 14
3.43801652892562, 0.9602194787379973, 1.0582010582010581, 6.481481481481481, 5.1020408163265305, 1.2080209043399228, 0.17424929007310738, 14
3.834710743801653, 0.0, 0.5291005291005291, 8.333333333333332, 6.122448979591836, 1.252840909090909, 0.036601307189542485, 14
4.56198347107438, 0.0, 1.0582010582010581, 10.44973544973545, 6.377551020408164, 1.4053367217280812, 0.06288601909039865, 14
3.5702479338842976, 0.0, 0.0, 7.142857142857142, 6.887755102040815, 1.037037037037037, 0.0, 14
3.933884297520661, 0.0, 0.0, 6.216931216931217, 9.183673469387756, 0.676954732510288, 0.0, 14
3.272727272727273, 0.0, 0.0, 3.0423280423280423, 9.693877551020408, 0.3138401559454191, 0.0, 14
2.909090909090909, 0.0, 0.0, 3.571428571428571, 7.780612244897959, 0.4590163934426229, 0.0, 14
2.87603305785124, 0.0, 0.0, 7.01058201058201, 4.336734693877551, 1.616557734204793, 0.0, 14
3.834710743801653, 0.0, 0.0, 9.656084656084655, 5.48469387755102, 1.760551248923342, 0.0, 14
3.4049586776859506, 0.0, 0.0, 10.44973544973545, 3.061224489795918, 3.4135802469135803, 0.0, 14
3.272727272727273, 0.0, 0.0, 7.936507936507936, 4.974489795918367, 1.5954415954415955, 0.0, 14
2.975206611570248, 0.0, 0.0, 11.904761904761903, 0.0, 10.0, 0.0, 14
2.87603305785124, 0.0, 0.0, 5.555555555555555, 5.7397959183673475, 0.9679012345679011, 0.0, 14
2.9400386847195357, 0.0, 0.0, 5.900621118012422, 5.654761904761905, 1.0434782608695652, 0.0, 14
3.604465709728868, 1.455026455026455, 3.4438775510204076, 5.363984674329502, 4.064039408866995, 0.9082427477272234, 0.5196108922524016, 15
3.4449760765550237, 1.7195767195767195, 1.6581632653061225, 6.130268199233716, 4.1871921182266005, 1.342920045704094, 0.32738095238095244, 15
3.604465709728868, 1.5873015873015872, 2.0408163265306123, 5.61941251596424, 5.0492610837438425, 1.0164506938700486, 0.34007206987112926, 15
2.934609250398724, 0.3968253968253968, 1.530612244897959, 3.3205619412515963, 6.280788177339902, 0.4758925592258925, 0.2007465218866644, 15
3.5406698564593304, 0.0, 1.2755102040816326, 3.5759897828863343, 8.990147783251231, 0.34834491732520867, 0.10150375939849623, 15
3.9872408293460926, 1.455026455026455, 0.8928571428571428, 7.535121328224776, 5.911330049261084, 1.321266968325792, 0.17460990502035278, 15
3.508771929824561, 0.3968253968253968, 0.7653061224489796, 6.7688378033205625, 5.911330049261084, 1.073244522519885, 0.09164953751284685, 15
2.8389154704944177, 0.0, 0.6377551020408163, 6.513409961685824, 4.064039408866995, 1.385302983057894, 0.06029384586952504, 15
3.1897926634768736, 0.0, 0.0, 6.7688378033205625, 5.788177339901478, 1.1694247438928291, 0.0, 15
2.807017543859649, 0.0, 0.0, 5.363984674329502, 5.665024630541872, 0.9468599033816425, 0.0, 15
2.5199362041467306, 0.0, 0.0, 3.3205619412515963, 6.527093596059114, 0.5087351502445842, 0.0, 15
3.4449760765550237, 0.0, 0.0, 9.323116219667945, 4.310344827586207, 2.162962962962963, 0.0, 15
2.77511961722488, 0.5291005291005291, 0.0, 10.217113665389528, 0.3694581280788177, 29.08641975308642, 0.04997845756139595, 15
2.711323763955343, 0.0, 0.0, 8.812260536398467, 1.9704433497536946, 4.472222222222221, 0.0, 15
2.4242424242424243, 0.0, 0.0, 6.641123882503193, 2.955665024630542, 2.246913580246914, 0.0, 15
1.8500797448165869, 0.0, 0.0, 6.385696040868455, 0.9852216748768473, 6.481481481481482, 0.0, 15
3.062200956937799, 2.1164021164021163, 1.0204081632653061, 6.385696040868455, 2.70935960591133, 2.2795248078266948, 0.34489181831207905, 15
2.388951101157148, 0.0, 1.0416666666666665, 3.8980509745127434, 4.454022988505748, 0.7092924126172208, 0.12471952131637994, 15
4.7272727272727275, 7.544581618655692, 5.6878306878306875, 5.952380952380952, 0.0, 2.372954349698536, 2.223045267489712, 16
5.256198347107438, 10.973936899862826, 4.761904761904762, 5.6878306878306875, 0.0, 3.498971193415638, 2.766580534022394, 16
5.652892561983471, 3.4293552812071333, 9.656084656084655, 0.5291005291005291, 8.801020408163266, 0.2144678592080691, 1.4024941397093293, 16
4.958677685950414, 6.584362139917696, 4.62962962962963, 8.862433862433862, 0.0, 3.336507936507937, 1.2653399668325043, 16
5.355371900826446, 9.190672153635116, 4.497354497354497, 8.068783068783068, 0.0, 3.837690631808279, 1.6964177292046148, 16
4.793388429752066, 10.973936899862826, 0.0, 8.597883597883598, 0.0, 10.0, 1.2763532763532763, 16
5.024793388429752, 7.133058984910837, 4.232804232804233, 8.994708994708994, 0.0, 3.810185185185185, 1.263616557734205, 16
4.231404958677686, 7.544581618655692, 4.232804232804233, 5.423280423280423, 0.0, 3.0636574074074074, 2.17163504968383, 16
3.9669421487603307, 3.9780521262002746, 7.5396825396825395, 0.13227513227513227, 4.209183673469387, 0.34984884361643515, 2.6529641720066097, 16
4.066115702479339, 3.9780521262002746, 4.365079365079365, 6.878306878306878, 1.1479591836734695, 1.9692151448792408, 1.0394785603732044, 16
3.8016528925619832, 4.252400548696845, 3.0423280423280423, 8.068783068783068, 0.0, 4.049919484702094, 0.9040680024286583, 16
3.5371900826446283, 6.035665294924554, 1.455026455026455, 6.878306878306878, 0.0, 8.875420875420875, 1.089031339031339, 16
3.8016528925619832, 8.367626886145404, 0.0, 7.142857142857142, 0.0, 10.0, 1.1714677640603568, 16
3.5702479338842976, 6.858710562414267, 0.0, 7.671957671957672, 0.0, 10.0, 0.8939974457215837, 16
3.603305785123967, 3.840877914951989, 2.6455026455026456, 8.068783068783068, 0.0, 4.5018518518518515, 0.8038858530661811, 16
3.7024793388429753, 4.38957475994513, 1.984126984126984, 8.597883597883598, 0.0, 6.545679012345679, 0.7413105413105412, 16
4.462809917355372, 9.190672153635116, 0.6613756613756614, 8.333333333333332, 0.0, 26.496296296296297, 1.1822457378012934, 16
5.261121856866538, 9.98389694041868, 0.0, 11.490683229813664, 0.0, 10.0, 0.8688688688688689, 16
5.358851674641149, 11.64021164021164, 2.1683673469387754, 3.3205619412515963, 4.556650246305419, 2.2246445268028, 1.7529779138059396, 17
5.390749601275917, 14.682539682539684, 0.0, 5.747126436781609, 1.600985221674877, 12.760683760683762, 1.9981378026070766, 17
5.582137161084529, 7.804232804232804, 7.142857142857142, 0.0, 7.389162561576355, 0.5370370370370371, 2.0228395061728395, 17
5.454545454545454, 8.201058201058201, 3.316326530612245, 7.918263090676884, 2.4630541871921183, 2.7891087434466426, 1.1094338438363043, 17
5.0079744816586915, 12.962962962962962, 0.0, 6.7688378033205625, 0.7389162561576355, 26.703703703703706, 1.7266099635479948, 17
5.6778309409888355, 11.772486772486772, 4.591836734693878, 2.0434227330779056, 4.433497536945813, 1.5307920005775757, 2.5265593561368207, 17
5.358851674641149, 13.227513227513226, 0.0, 6.385696040868455, 2.2167487684729066, 8.847736625514402, 1.537645811240721, 17
4.529505582137161, 9.656084656084655, 0.0, 8.812260536398467, 0.0, 10.0, 1.0957556935817805, 17
5.103668261562999, 9.523809523809524, 0.3826530612244898, 9.450830140485312, 1.354679802955665, 10.921706516643223, 0.9167973225592475, 17
4.497607655502392, 6.349206349206349, 2.806122448979592, 7.535121328224776, 1.477832512315271, 3.2410069206783785, 1.0157967032967032, 17
2.9027113237639552, 4.365079365079365, 0.0, 7.4074074074074066, 0.0, 10.0, 0.5892857142857143, 17
6.283891547049442, 7.2751322751322745, 2.295918367346939, 12.388250319284802, 3.32512315270936, 3.498174230568597, 0.6091022185361807, 17
3.125996810207336, 3.1746031746031744, 0.0, 9.450830140485312, 0.0, 10.0, 0.3359073359073359, 17
3.8915470494417863, 5.291005291005291, 0.0, 8.684546615581098, 1.7241379310344827, 8.105820105820106, 0.5083260297984223, 17
4.752791068580542, 3.968253968253968, 3.061224489795918, 10.472541507024266, 1.600985221674877, 3.0974143955276032, 0.582222462086459, 17
3.1897926634768736, 2.380952380952381, 0.12755102040816327, 8.684546615581098, 1.600985221674877, 6.401658656111581, 0.24388660120367436, 17
2.711323763955343, 2.380952380952381, 0.0, 7.535121328224776, 0.9852216748768473, 10.064814814814815, 0.2794432548179871, 17
2.426278462112729, 1.8633540372670807, 0.0, 7.946026986506746, 0.0, 10.0, 0.23450134770889489, 17
3.834710743801653, 5.075445816186557, 3.968253968253968, 6.481481481481481, 0.0, 2.9123456790123456, 1.395313681027967, 18
3.5371900826446283, 4.38957475994513, 3.835978835978836, 6.084656084656085, 0.0, 2.7305236270753515, 1.3518518518518516, 18
4.198347107438016, 3.840877914951989, 3.3068783068783065, 9.788359788359788, 0.0, 4.1214814814814815, 0.7302302302302303, 18
2.7768595041322315, 0.411522633744856, 2.7777777777777777, 7.804232804232804, 0.0, 2.9576719576719577, 0.40866290018832396, 18
3.1735537190082646, 1.3717421124828533, 4.232804232804233, 7.142857142857142, 0.0, 2.011574074074074, 0.7846364883401921, 18
3.041322314049587, 2.4691358024691357, 2.1164021164021163, 7.671957671957672, 0.0, 4.791666666666667, 0.5977011494252874, 18
2.87603305785124, 0.823045267489712, 3.1746031746031744, 7.5396825396825395, 0.0, 2.6342592592592595, 0.5302144249512671, 18
2.644628099173554, 1.7832647462277091, 3.968253968253968, 4.894179894179894, 0.0, 1.6827160493827162, 1.1751751751751751, 18
2.446280991735537, 0.823045267489712, 2.380952380952381, 6.613756613756613, 0.0, 3.123456790123457, 0.4844444444444445, 18
2.0826446280991737, 0.0, 2.380952380952381, 2.380952380952381, 3.4438775510204076, 0.40875912408759124, 0.40875912408759124, 18
1.7520661157024793, 0.0, 0.0, 5.158730158730158, 1.7857142857142856, 2.888888888888889, 0.0, 18
2.512396694214876, 0.1371742112482853, 0.5291005291005291, 6.746031746031746, 2.423469387755102, 2.331259259259259, 0.0726620489629248, 18
1.9173553719008265, 0.823045267489712, 0.0, 6.216931216931217, 0.6377551020408163, 11.038683127572016, 0.12007044949843021, 18
1.8512396694214877, 0.0, 0.0, 6.216931216931217, 1.1479591836734695, 5.415637860082304, 0.0, 18
2.446280991735537, 0.2743484224965706, 0.0, 5.423280423280423, 3.9540816326530615, 1.4409487145448912, 0.029256460490717416, 18
2.347107438016529, 1.3717421124828533, 0.0, 5.82010582010582, 2.1683673469387754, 3.3167110465585408, 0.17171518058567142, 18
2.446280991735537, 2.4691358024691357, 0.26455026455026454, 0.6613756613756614, 6.25, 0.4805414551607445, 0.39553429027113235, 18
3.713733075435203, 2.576489533011272, 0.7716049382716049, 1.2422360248447204, 9.970238095238097, 0.355500033461976, 0.2986044324763309, 18
4.657097288676236, 7.936507936507936, 4.591836734693878, 3.065134099616858, 3.201970443349754, 1.4115876598946573, 1.9990642545227697, 19
4.5933014354066986, 6.613756613756613, 4.719387755102041, 3.8314176245210727, 3.32512315270936, 1.298422534070429, 1.5836064827460619, 19
4.114832535885168, 4.62962962962963, 6.760204081632653, 1.277139208173691, 3.8177339901477834, 0.5584045584045583, 2.2355480240439953, 19
3.5406698564593304, 5.952380952380952, 3.061224489795918, 1.277139208173691, 3.9408866995073892, 1.0324772008189094, 1.727397602397602, 19
3.9872408293460926, 5.026455026455026, 2.6785714285714284, 3.1928480204342273, 5.0492610837438425, 1.0635974620038366, 0.9348367459878252, 19
4.401913875598086, 6.878306878306878, 1.403061224489796, 4.980842911877394, 4.310344827586207, 2.075670743877056, 0.8913142576618275, 19
3.6363636363636362, 3.7037037037037033, 2.806122448979592, 2.4265644955300125, 5.41871921182266, 0.7453357100415923, 0.8297757475083055, 19
2.3923444976076556, 3.571428571428571, 3.4438775510204076, 0.0, 2.586206896551724, 0.5922684172137127, 2.712585034013605, 19
3.5725677830940987, 4.894179894179894, 2.806122448979592, 4.086845466155811, 2.4630541871921183, 1.704445681073394, 1.1756366892160763, 19
2.743221690590112, 3.835978835978836, 2.0408163265306123, 0.5108556832694764, 4.556650246305419, 0.6588641975308641, 1.1597016844541597, 19
3.221690590111643, 4.232804232804233, 1.2755102040816326, 3.1928480204342273, 4.1871921182266005, 1.3593367925090953, 0.7463800105950908, 19
3.062200956937799, 5.026455026455026, 1.7857142857142856, 3.3205619412515963, 2.2167487684729066, 2.085470085470085, 1.2302306425041185, 19
3.1578947368421053, 6.216931216931217, 2.0408163265306123, 2.937420178799489, 1.477832512315271, 2.601666666666667, 1.8702774498229042, 19
2.8708133971291865, 3.571428571428571, 0.7653061224489796, 6.002554278416347, 1.2315270935960592, 4.7945831293848915, 0.5994865789947758, 19
2.711323763955343, 2.6455026455026456, 0.5102040816326531, 7.790549169859514, 0.0, 20.454661558109834, 0.4050685848109735, 19
2.1690590111642742, 2.6455026455026456, 0.3826530612244898, 5.747126436781609, 0.0, 21.932737335036187, 0.5268990929705215, 19
2.583732057416268, 2.513227513227513, 0.7653061224489796, 6.513409961685824, 0.6157635467980296, 6.535975465911771, 0.4598756969198428, 19
3.2101530421799183, 4.3478260869565215, 0.2976190476190476, 8.395802098950526, 0.0, 42.818590704647676, 0.5533056972789115, 19
4.528925619834711, 13.031550068587105, 1.5873015873015872, 3.968253968253968, 0.0, 10.709876543209877, 3.683950617283951, 20
4.330578512396694, 13.031550068587105, 1.5873015873015872, 3.1746031746031744, 0.0, 10.209876543209877, 4.604938271604938, 20
3.768595041322314, 10.2880658436214, 1.7195767195767195, 3.439153439153439, 0.0, 7.982905982905984, 3.491452991452992, 20
4.099173553719009, 11.659807956104252, 0.7936507936507936, 4.365079365079365, 0.0, 20.191358024691358, 2.8529741863075198, 20
4.132231404958678, 11.934156378600823, 0.5291005291005291, 4.497354497354497, 0.0, 31.055555555555554, 2.7712418300653594, 20
3.5041322314049586, 7.4074074074074066, 2.380952380952381, 4.497354497354497, 0.0, 5.0, 2.176470588235294, 20
2.743801652892562, 2.3319615912208507, 2.7777777777777777, 3.968253968253968, 1.7857142857142856, 1.3805689747718735, 0.8880374627501064, 20
3.834710743801653, 8.50480109739369, 4.232804232804233, 1.0582010582010581, 1.6581632653061225, 1.623333036324215, 4.689210950080515, 20
2.909090909090909, 5.761316872427984, 2.1164021164021163, 3.968253968253968, 0.0, 4.597222222222222, 1.9851851851851854, 20
3.3388429752066116, 6.995884773662551, 3.0423280423280423, 3.571428571428571, 0.0, 3.4734299516908216, 2.8106995884773665, 20
3.3388429752066116, 6.035665294924554, 0.7936507936507936, 6.349206349206349, 0.25510204081632654, 11.809142475809143, 1.0340698352143274, 20
2.7107438016528924, 8.23045267489712, 0.0, 2.91005291005291, 0.0, 10.0, 2.8282828282828283, 20
3.3057851239669422, 9.465020576131687, 0.0, 4.1005291005291005, 0.0, 10.0, 2.3082437275985663, 20
2.743801652892562, 6.721536351165981, 0.0, 4.497354497354497, 0.0, 10.0, 1.4945533769063182, 20
2.909090909090909, 7.4074074074074066, 0.0, 4.497354497354497, 0.0, 10.0, 1.6470588235294117, 20
2.512396694214876, 4.938271604938271, 0.0, 5.291005291005291, 0.0, 10.0, 0.9333333333333333, 20
2.5454545454545454, 3.292181069958848, 0.0, 6.746031746031746, 0.25510204081632654, 39.34979423868313, 0.4702354176038387, 20
2.6692456479690523, 3.22061191626409, 0.0, 7.608695652173914, 0.0, 10.0, 0.4232804232804232, 20
5.34965034965035, 4.843304843304843, 5.21978021978022, 6.695156695156696, 4.532967032967033, 1.1830985915492958, 0.8962392387856818, 21
5.104895104895105, 5.698005698005698, 1.510989010989011, 4.985754985754986, 8.241758241758241, 1.0954616588419406, 0.545, 21
5.06993006993007, 5.982905982905983, 1.9230769230769231, 8.11965811965812, 4.395604395604396, 2.2318840579710146, 0.6317073170731707, 21
4.545454545454546, 4.273504273504273, 1.3736263736263736, 7.122507122507122, 5.357142857142857, 1.6931216931216932, 0.4525071341214839, 21
4.650349650349651, 4.843304843304843, 1.510989010989011, 5.555555555555555, 6.730769230769231, 1.2617283950617284, 0.517184265010352, 21
3.7412587412587412, 3.276353276353276, 2.197802197802198, 3.561253561253561, 5.906593406593406, 0.8436911487758946, 0.5781837721655024, 21
3.7412587412587412, 3.418803418803419, 0.4120879120879121, 6.1253561253561255, 5.082417582417582, 1.7370370370370372, 0.3418066273263732, 21
4.265734265734266, 4.5584045584045585, 0.4120879120879121, 7.264957264957266, 4.945054945054945, 2.207027540360874, 0.4070833333333333, 21
4.230769230769231, 4.700854700854701, 0.4120879120879121, 8.68945868945869, 3.159340659340659, 3.7492877492877494, 0.4315156719622155, 21
3.6713286713286712, 2.4216524216524213, 0.0, 8.831908831908832, 3.571428571428571, 3.150997150997151, 0.19524200164068908, 21
3.2517482517482517, 2.564102564102564, 0.0, 7.122507122507122, 3.4340659340659343, 2.8207407407407405, 0.24289156626506023, 21
3.7412587412587412, 3.133903133903134, 0.0, 6.552706552706552, 5.357142857142857, 1.808167141500475, 0.2631354122170013, 21
4.160839160839161, 2.9914529914529915, 0.0, 7.977207977207977, 5.769230769230769, 1.9012345679012346, 0.21761658031088082, 21
3.4965034965034967, 2.7065527065527064, 0.0, 7.6923076923076925, 3.708791208791209, 2.803840877914952, 0.23739402052655062, 21
3.5664335664335662, 2.4216524216524213, 0.0, 12.108262108262108, 0.0, 10.0, 0.19999999999999998, 21
4.265734265734266, 3.9886039886039883, 0.0, 11.965811965811966, 1.3736263736263736, 11.614814814814816, 0.2990083905415713, 21
4.090909090909091, 1.9943019943019942, 0.0, 9.82905982905983, 4.670329670329671, 2.531590413943355, 0.13754385964912283, 21
5.851063829787234, 3.0100334448160537, 0.0, 17.05685618729097, 3.685897435897436, 5.444234404536862, 0.14511252939200536, 21
4.528925619834711, 5.761316872427984, 5.82010582010582, 4.62962962962963, 2.0408163265306123, 1.3218482905982907, 1.7362291469940196, 22
4.132231404958678, 4.11522633744856, 3.1746031746031744, 4.894179894179894, 4.336734693877551, 1.1994409503843466, 0.7897190947344479, 22
4.595041322314049, 4.252400548696845, 1.7195767195767195, 7.936507936507936, 4.464285714285714, 1.9710833828480885, 0.4815802469135802, 22
3.43801652892562, 3.7037037037037033, 3.835978835978836, 0.7936507936507936, 5.357142857142857, 0.4892086330935252, 1.2258064516129032, 22
3.933884297520661, 4.252400548696845, 4.894179894179894, 5.82010582010582, 0.7653061224489796, 1.7797563840969515, 1.388915457782029, 22
3.4049586776859506, 2.05761316872428, 2.91005291005291, 5.82010582010582, 2.806122448979592, 1.3781450872359964, 0.5758792746744554, 22
3.1404958677685952, 1.646090534979424, 1.8518518518518516, 6.613756613756613, 2.423469387755102, 1.9319828115408229, 0.3870593018528199, 22
3.6694214876033056, 3.5665294924554183, 3.1746031746031744, 7.804232804232804, 0.12755102040816327, 3.4434377152545963, 0.8498886021220744, 22
3.7355371900826446, 3.017832647462277, 1.455026455026455, 10.44973544973545, 0.0, 9.255892255892256, 0.42803563056727617, 22
3.3057851239669422, 3.840877914951989, 0.0, 9.523809523809524, 0.0, 10.0, 0.4032921810699589, 22
2.9421487603305785, 1.9204389574759946, 1.5873015873015872, 7.2751322751322745, 1.0204081632653061, 3.526301663982824, 0.4228465367417532, 22
3.5702479338842976, 3.292181069958848, 0.7936507936507936, 10.317460317460316, 0.0, 17.148148148148145, 0.39601139601139607, 22
3.768595041322314, 2.606310013717421, 1.1904761904761905, 8.068783068783068, 3.188775510204082, 2.4376523233049663, 0.3372655072193469, 22
3.371900826446281, 1.5089163237311385, 0.3968253968253968, 10.978835978835978, 0.5102040816326531, 13.767746913580249, 0.16587475633528265, 22
3.7355371900826446, 3.155006858710562, 0.0, 11.904761904761903, 0.0, 10.0, 0.2650205761316872, 22
3.3057851239669422, 0.823045267489712, 2.1164021164021163, 8.068783068783068, 2.1683673469387754, 2.0752174445669485, 0.2871353125160232, 22
3.6363636363636362, 1.646090534979424, 0.0, 12.962962962962962, 0.0, 10.0, 0.126984126984127, 22
3.017408123791103, 1.7713365539452495, 0.7716049382716049, 9.627329192546584, 0.0, 14.772670807453416, 0.26413779370768614, 22
5.190082644628099, 6.995884773662551, 3.968253968253968, 6.084656084656085, 3.826530612244898, 1.678114478114478, 1.1062387458955618, 23
6.148760330578512, 3.292181069958848, 5.423280423280423, 11.507936507936508, 4.336734693877551, 1.516403140798107, 0.550056317498178, 23
5.785123966942149, 3.292181069958848, 5.291005291005291, 9.126984126984127, 5.357142857142857, 1.1663216011042097, 0.5925925925925927, 23
4.595041322314049, 1.9204389574759946, 2.380952380952381, 7.671957671957672, 6.25, 1.1113949198240387, 0.30896454649423777, 23
4.859504132231405, 0.9602194787379973, 2.6455026455026456, 11.772486772486772, 3.9540816326530615, 1.9293194411304644, 0.22927583636505233, 23
5.454545454545454, 1.7832647462277091, 1.984126984126984, 11.11111111111111, 6.760204081632653, 1.4745983152250033, 0.2108066300506163, 23
3.834710743801653, 1.3717421124828533, 0.5291005291005291, 9.126984126984127, 4.209183673469387, 2.2157232007680663, 0.14253289775783576, 23
4.661157024793389, 0.0, 0.7936507936507936, 13.88888888888889, 3.826530612244898, 3.0061349693251533, 0.04479999999999999, 23
4.1652892561983474, 0.411522633744856, 0.0, 11.11111111111111, 4.974489795918367, 2.316344834863353, 0.025583292543644966, 23
3.933884297520661, 0.2743484224965706, 0.3968253968253968, 11.375661375661375, 3.571428571428571, 2.9358024691358025, 0.044903310390036054, 23
3.8016528925619832, 0.5486968449931412, 1.3227513227513228, 9.920634920634921, 3.316326530612245, 2.256770008297503, 0.14138049541332912, 23
3.8677685950413223, 0.0, 0.5291005291005291, 10.714285714285714, 4.081632653061225, 2.3237704918032787, 0.035759897828863345, 23
4.297520661157025, 1.3717421124828533, 0.3968253968253968, 9.523809523809524, 5.7397959183673475, 1.7754968209163742, 0.1158682669050976, 23
4.231404958677686, 0.0, 0.13227513227513227, 16.666666666666664, 0.12755102040816327, 64.14545454545456, 0.007876230661040788, 23
3.8677685950413223, 0.823045267489712, 0.13227513227513227, 12.3015873015873, 2.1683673469387754, 5.704768423454255, 0.06602096709834222, 23
3.9669421487603307, 0.1371742112482853, 1.1904761904761905, 11.904761904761903, 2.5510204081632653, 3.218481107369996, 0.09184216896635197, 23
4.694214876033058, 0.9602194787379973, 0.0, 13.624338624338625, 4.081632653061225, 3.573216735253773, 0.05423139254515989, 23
3.67504835589942, 1.1272141706924315, 0.0, 11.801242236024844, 1.7857142857142856, 7.239935587761675, 0.08296296296296296, 23
5.190082644628099, 4.663923182441701, 4.1005291005291005, 5.6878306878306875, 6.122448979591836, 1.012596700212227, 0.7421037037037037, 24
4.56198347107438, 4.38957475994513, 4.232804232804233, 4.497354497354497, 5.1020408163265305, 0.9520167941220573, 0.8982210557013707, 24
4.297520661157025, 4.663923182441701, 3.439153439153439, 5.555555555555555, 3.571428571428571, 1.4577218728162125, 0.8878153515834676, 24
4.661157024793389, 9.327846364883403, 0.0, 9.656084656084655, 0.0, 10.0, 0.9660071029934044, 24
4.694214876033058, 7.544581618655692, 0.7936507936507936, 10.714285714285714, 0.0, 23.006172839506174, 0.7782350251486054, 24
4.925619834710744, 5.6241426611796985, 0.0, 14.285714285714285, 0.0, 10.0, 0.3936899862825789, 24
4.3966942148760335, 8.23045267489712, 0.26455026455026454, 9.25925925925926, 0.12755102040816327, 44.60508701472557, 0.9049935693116368, 24
2.9421487603305785, 5.212620027434842, 1.3227513227513228, 4.1005291005291005, 1.2755102040816326, 3.5843771043771047, 1.2156479854195144, 24
3.6694214876033056, 4.526748971193416, 0.7936507936507936, 9.523809523809524, 0.0, 17.703703703703706, 0.558641975308642, 24
4.099173553719009, 6.447187928669409, 0.0, 10.185185185185185, 0.0, 10.0, 0.632996632996633, 24
4.991735537190083, 8.50480109739369, 0.0, 11.772486772486772, 0.0, 10.0, 0.7224302954640034, 24
4.628099173553719, 5.8984910836762685, 0.26455026455026454, 12.566137566137566, 0.0, 69.7962962962963, 0.490448343079922, 24
3.1404958677685952, 2.880658436213992, 0.13227513227513227, 9.656084656084655, 0.0, 94.77777777777777, 0.31202435312024357, 24
4.1652892561983474, 4.252400548696845, 0.0, 12.566137566137566, 0.0, 10.0, 0.338401559454191, 24
3.603305785123967, 2.194787379972565, 0.0, 12.3015873015873, 0.0, 10.0, 0.17841497411389884, 24
3.5041322314049586, 3.7037037037037033, 0.0, 10.44973544973545, 0.0, 10.0, 0.35443037974683544, 24
3.7355371900826446, 2.7434842249657065, 0.0, 12.3015873015873, 0.0, 10.0, 0.22301871764237355, 24
3.9845261121856863, 4.3478260869565215, 0.0, 11.801242236024844, 0.0, 10.0, 0.3684210526315789, 24
4.925619834710744, 7.681755829903978, 6.349206349206349, 4.232804232804233, 1.6581632653061225, 1.4879493062383917, 2.3817755205084796, 25
4.661157024793389, 6.995884773662551, 5.026455026455026, 6.878306878306878, 0.0, 2.7602339181286553, 1.7478632478632479, 25
4.892561983471074, 10.699588477366255, 1.3227513227513228, 7.936507936507936, 0.0, 14.08888888888889, 1.5148148148148148, 25
4.694214876033058, 9.602194787379972, 3.968253968253968, 5.555555555555555, 0.0, 3.819753086419753, 2.4426807760141096, 25
4.8264462809917354, 5.761316872427984, 4.761904761904762, 8.862433862433862, 0.0, 3.0709876543209877, 1.1873963515754562, 25
4.661157024793389, 6.721536351165981, 2.380952380952381, 9.788359788359788, 0.0, 6.934156378600824, 0.92992992992993, 25
4.231404958677686, 8.641975308641975, 0.0, 8.597883597883598, 0.0, 10.0, 1.005128205128205, 25
4.099173553719009, 7.270233196159122, 2.513227513227513, 6.878306878306878, 0.0, 5.629629629629629, 1.4223646723646723, 25
4.099173553719009, 7.818930041152264, 0.0, 8.862433862433862, 0.0, 10.0, 0.8822553897180764, 25
4.528925619834711, 8.367626886145404, 1.3227513227513228, 8.73015873015873, 0.0, 12.925925925925926, 1.1099887766554433, 25
4.760330578512397, 9.053497942386832, 0.0, 10.317460317460316, 0.0, 10.0, 0.8774928774928776, 25
4.033057851239669, 2.880658436213992, 3.3068783068783065, 10.052910052910052, 0.0, 3.9111111111111114, 0.6154970760233919, 25
4.264462809917355, 5.212620027434842, 2.513227513227513, 9.25925925925926, 0.25510204081632654, 5.2276576918215145, 0.812019566736548, 25
3.1404958677685952, 6.035665294924554, 0.0, 6.746031746031746, 0.0, 10.0, 0.8946986201888163, 25
3.933884297520661, 7.270233196159122, 0.0, 8.73015873015873, 0.0, 10.0, 0.8327721661054994, 25
4.429752066115703, 7.544581618655692, 0.26455026455026454, 10.185185185185185, 0.0, 67.01851851851852, 0.7667147667147667, 25
4.132231404958678, 6.172839506172839, 0.26455026455026454, 10.317460317460316, 0.0, 62.333333333333336, 0.6239316239316239, 25
4.95164410058027, 3.542673107890499, 3.8580246913580245, 12.577639751552795, 0.0, 4.178385093167702, 0.5884011583600062, 25
6.188197767145136, 18.121693121693124, 0.5102040816326531, 4.853128991060025, 1.8472906403940887, 9.745439469320065, 2.780706019644073, 26
5.709728867623604, 15.608465608465607, 1.403061224489796, 5.108556832694764, 1.2315270935960592, 7.863476163976998, 2.6831706063720446, 26
5.9330143540669855, 18.121693121693124, 0.0, 5.874840357598978, 0.3694581280788177, 64.95061728395062, 2.902118334550767, 26
5.709728867623604, 10.052910052910052, 5.7397959183673475, 4.469987228607918, 2.832512315270936, 1.6941641487562473, 2.162643883287231, 26
5.773524720893142, 17.46031746031746, 0.25510204081632654, 6.002554278416347, 0.0, 91.97445721583652, 2.9513135041250544, 26
5.422647527910686, 15.211640211640212, 0.3826530612244898, 5.874840357598978, 0.7389162561576355, 18.800871459694992, 2.357857142857143, 26
5.486443381180224, 15.476190476190476, 0.0, 7.0242656449553005, 0.0, 10.0, 2.203246753246753, 26
4.274322169059011, 11.243386243386242, 0.0, 5.747126436781609, 0.49261083743842365, 34.49074074074074, 1.8019005847953216, 26
4.0510366826156305, 11.772486772486772, 0.0, 4.853128991060025, 0.0, 10.0, 2.425751879699248, 26
5.6778309409888355, 16.005291005291006, 0.0, 7.2796934865900385, 0.0, 10.0, 2.1986215538847116, 26
4.30622009569378, 12.433862433862434, 0.0, 5.236270753512133, 0.0, 10.0, 2.3745644599303133, 26
4.2105263157894735, 10.052910052910052, 0.12755102040816327, 7.0242656449553005, 0.0, 133.8850574712644, 1.4493274582560296, 26
5.167464114832536, 12.433862433862434, 1.530612244897959, 7.151979565772669, 0.0, 12.796083439761599, 1.952532798833819, 26
4.3381180223285485, 10.185185185185185, 0.7653061224489796, 6.257982120051085, 0.49261083743842365, 13.071743071743072, 1.6221525096525098, 26
4.56140350877193, 12.566137566137566, 0.0, 6.130268199233716, 0.0, 10.0, 2.0498511904761907, 26
4.912280701754386, 10.44973544973545, 0.3826530612244898, 9.195402298850574, 0.0, 51.339293316304804, 1.1780222505668934, 26
4.784688995215311, 10.846560846560847, 0.0, 8.42911877394636, 0.24630541871921183, 78.25925925925927, 1.2502628811777077, 26
4.7405748413587165, 8.540372670807454, 0.0, 10.794602698650674, 0.0, 10.0, 0.7911706349206349, 26
0.0,0.0,0.0,0.0,0.0,0.0,0.0,27
0.0,0.0,0.0,0.0,0.0,0.0,0.0,27
0.0,0.0,0.0,0.0,0.0,0.0,0.0,27
0.0,0.0,0.0,0.0,0.0,0.0,0.0,27
0.0,0.0,0.0,0.0,0.0,0.0,0.0,27
0.0,0.0,0.0,0.0,0.0,0.0,0.0,27
0.0,0.0,0.0,0.0,0.0,0.0,0.0,27
0.0,0.0,0.0,0.0,0.0,0.0,0.0,27
0.0,0.0,0.0,0.0,0.0,0.0,0.0,27
0.0,0.0,0.0,0.0,0.0,0.0,0.0,27
0.0,0.0,0.0,0.0,0.0,0.0,0.0,27
0.0,0.0,0.0,0.0,0.0,0.0,0.0,27
0.0,0.0,0.0,0.0,0.0,0.0,0.0,27
0.0,0.0,0.0,0.0,0.0,0.0,0.0,27
0.0,0.0,0.0,0.0,0.0,0.0,0.0,27
0.0,0.0,0.0,0.0,0.0,0.0,0.0,27
0.0,0.0,0.0,0.0,0.0,0.0,0.0,27
0.0,0.0,0.0,0.0,0.0,0.0,0.0,27

